259	1	1
1	1	1
15	1	1
2	2	1
345	2	1
411	3	1
566	3	1
3	3	1
472	3	1
553	3	1
2165	4	1
491	4	1
6	4	1
252	5	1
491	5	1
7	5	1
259	6	1
8	6	1
1	7	1
259	7	1
9	7	1
752	7	1
15	7	1
762	8	1
309	8	1
454	8	1
10	8	1
482	8	1
281	9	1
11	9	1
193	9	1
520	9	1
421	9	1
194	9	1
625	10	1
660	10	1
12	10	1
85	11	1
13	11	1
579	12	1
1235	12	1
14	12	1
259	13	1
15	13	1
567	14	1
17	14	1
1698	14	1
467	14	1
553	14	1
746	15	1
19	15	1
428	15	1
748	15	1
18	16	1
147	16	1
21	17	1
733	17	1
335	17	1
26	17	1
641	17	1
268	17	1
20	18	1
572	18	1
75	18	1
23	19	1
130	19	1
192	19	1
164	19	1
295	20	1
22	20	1
568	20	1
1379	20	1
439	20	1
25	21	1
40	21	1
270	21	1
760	22	1
42	22	1
24	22	1
2613	23	1
748	23	1
27	23	1
1719	24	1
612	24	1
29	24	1
1607	24	1
85	25	1
28	25	1
427	26	1
320	26	1
430	26	1
383	26	1
30	26	1
34	27	1
1702	27	1
251	27	1
1592	27	1
567	28	1
566	28	1
35	28	1
36	28	1
67	28	1
560	28	1
1117	29	1
32	29	1
251	29	1
15	29	1
220	30	1
39	30	1
1690	30	1
258	31	1
746	31	1
1592	31	1
37	31	1
1934	31	1
1717	32	1
1714	32	1
889	32	1
42	32	1
190	33	1
189	33	1
43	33	1
794	33	1
164	33	1
762	34	1
41	34	1
493	35	1
1460	35	1
491	35	1
46	35	1
239	36	1
490	36	1
47	36	1
302	36	1
748	37	1
44	37	1
687	38	1
2429	38	1
89	38	1
45	38	1
51	39	1
582	39	1
584	39	1
644	39	1
151	39	1
50	40	1
582	40	1
644	40	1
49	41	1
726	41	1
48	42	1
88	42	1
713	43	1
55	43	1
524	43	1
616	43	1
2335	43	1
1688	43	1
804	44	1
1440	44	1
1564	44	1
54	44	1
244	44	1
479	45	1
431	45	1
53	45	1
229	45	1
773	46	1
2560	46	1
52	46	1
646	46	1
566	47	1
968	47	1
1460	47	1
58	47	1
553	47	1
968	48	1
57	48	1
1028	48	1
779	48	1
1785	49	1
56	49	1
164	49	1
424	50	1
63	50	1
62	51	1
241	51	1
566	52	1
563	52	1
61	52	1
553	52	1
577	53	1
1521	53	1
840	53	1
571	53	1
60	53	1
68	54	1
730	54	1
70	55	1
67	55	1
290	56	1
65	56	1
584	56	1
487	56	1
285	56	1
745	57	1
744	57	1
66	57	1
1355	58	1
76	58	1
1124	58	1
767	59	1
158	59	1
561	59	1
215	59	1
79	59	1
72	60	1
75	60	1
746	61	1
772	61	1
748	61	1
73	61	1
748	62	1
74	62	1
2422	63	1
194	63	1
75	63	1
85	64	1
348	64	1
1241	64	1
1242	64	1
84	65	1
295	65	1
748	65	1
87	66	1
736	66	1
566	67	1
86	67	1
295	67	1
466	67	1
553	67	1
16	68	1
81	68	1
2045	68	1
80	69	1
2208	69	1
439	69	1
566	70	1
83	70	1
40	70	1
1379	70	1
137	71	1
566	71	1
93	71	1
1260	71	1
480	71	1
553	71	1
746	72	1
748	72	1
92	72	1
127	73	1
42	73	1
95	73	1
760	74	1
94	74	1
726	74	1
252	75	1
89	75	1
2022	76	1
720	76	1
88	76	1
431	77	1
639	77	1
636	77	1
90	77	1
102	78	1
1113	78	1
332	78	1
760	79	1
100	79	1
2579	79	1
2680	79	1
440	80	1
98	80	1
2697	81	1
99	81	1
1955	81	1
616	81	1
760	82	1
359	82	1
96	82	1
162	82	1
1256	82	1
479	83	1
650	83	1
97	83	1
2062	83	1
439	83	1
110	84	1
641	84	1
746	85	1
748	85	1
111	85	1
688	85	1
1289	86	1
251	86	1
108	86	1
1289	87	1
251	87	1
108	87	1
109	87	1
249	88	1
1327	88	1
2435	88	1
106	88	1
598	89	1
107	89	1
566	90	1
472	90	1
295	90	1
129	90	1
466	90	1
104	90	1
772	91	1
748	91	1
105	91	1
119	92	1
566	92	1
466	92	1
637	92	1
118	93	1
156	93	1
514	93	1
453	93	1
346	93	1
687	94	1
117	94	1
2429	94	1
89	94	1
139	95	1
116	95	1
1714	95	1
905	95	1
42	95	1
2154	95	1
114	96	1
748	96	1
625	97	1
882	97	1
113	97	1
748	97	1
573	97	1
112	98	1
351	98	1
126	99	1
161	99	1
746	100	1
748	100	1
128	100	1
125	100	1
123	100	1
596	101	1
122	101	1
1185	102	1
189	102	1
2176	102	1
121	102	1
687	103	1
431	103	1
229	103	1
120	103	1
137	104	1
987	104	1
1540	104	1
1260	104	1
480	104	1
136	105	1
655	105	1
419	105	1
139	106	1
1717	106	1
138	106	1
1714	106	1
749	106	1
417	106	1
139	107	1
138	107	1
140	108	1
189	108	1
2362	108	1
1185	109	1
189	109	1
142	109	1
164	109	1
566	110	1
295	110	1
129	110	1
746	111	1
19	111	1
748	111	1
128	111	1
123	111	1
460	112	1
131	112	1
641	112	1
673	112	1
1729	113	1
16	113	1
130	113	1
164	113	1
77	114	1
132	114	1
1119	115	1
2136	115	1
135	115	1
609	116	1
612	116	1
134	116	1
152	117	1
1596	117	1
361	117	1
1529	117	1
16	118	1
153	118	1
154	119	1
64	119	1
295	119	1
748	119	1
393	120	1
155	120	1
75	120	1
85	121	1
156	121	1
13	121	1
237	122	1
157	122	1
432	122	1
315	122	1
522	122	1
202	123	1
144	123	1
1647	124	1
146	124	1
164	124	1
428	125	1
748	125	1
147	125	1
148	126	1
480	126	1
461	127	1
1650	127	1
1688	127	1
657	127	1
149	127	1
211	127	1
67	128	1
150	128	1
171	129	1
5	129	1
251	129	1
170	130	1
571	130	1
1729	131	1
169	131	1
168	132	1
1460	132	1
560	132	1
555	132	1
553	132	1
504	133	1
175	133	1
502	133	1
2410	133	1
164	133	1
567	134	1
566	134	1
174	134	1
295	134	1
163	134	1
553	134	1
431	135	1
173	135	1
246	135	1
636	135	1
115	136	1
172	136	1
110	136	1
760	137	1
162	137	1
986	138	1
137	138	1
160	138	1
650	139	1
167	139	1
741	140	1
165	140	1
190	141	1
189	141	1
794	141	1
164	141	1
186	142	1
325	142	1
333	142	1
390	142	1
567	143	1
187	143	1
295	143	1
748	143	1
589	143	1
184	144	1
67	144	1
455	144	1
540	144	1
542	144	1
185	145	1
429	145	1
159	145	1
433	145	1
434	145	1
357	146	1
191	146	1
2224	146	1
520	146	1
463	147	1
188	147	1
190	148	1
189	148	1
43	148	1
145	148	1
130	148	1
164	148	1
431	149	1
178	149	1
2193	149	1
966	149	1
912	149	1
636	149	1
179	150	1
287	150	1
379	150	1
748	151	1
176	151	1
380	152	1
177	152	1
757	152	1
767	153	1
158	153	1
77	153	1
663	153	1
182	153	1
492	154	1
469	154	1
183	154	1
609	155	1
612	155	1
332	155	1
180	155	1
144	156	1
351	156	1
181	156	1
205	157	1
1646	157	1
203	157	1
748	157	1
2411	157	1
204	158	1
748	158	1
2500	158	1
360	158	1
207	159	1
1491	159	1
1489	159	1
1029	159	1
746	160	1
206	160	1
428	160	1
748	160	1
201	161	1
1465	161	1
592	162	1
200	162	1
641	162	1
205	163	1
428	163	1
203	163	1
748	163	1
73	163	1
1719	164	1
1991	164	1
202	164	1
351	164	1
197	165	1
196	165	1
736	165	1
748	166	1
199	166	1
656	166	1
4	167	1
750	167	1
296	167	1
634	167	1
198	167	1
421	168	1
193	168	1
295	169	1
192	169	1
164	169	1
193	170	1
194	170	1
220	171	1
847	171	1
164	171	1
221	172	1
491	172	1
296	172	1
46	172	1
553	172	1
222	173	1
630	173	1
223	174	1
582	174	1
644	174	1
479	175	1
216	175	1
697	175	1
67	175	1
2381	175	1
2062	175	1
217	176	1
197	176	1
736	176	1
218	177	1
748	177	1
1291	178	1
479	178	1
219	178	1
379	178	1
326	179	1
212	179	1
646	179	1
2077	179	1
1528	179	1
170	180	1
577	180	1
213	180	1
571	180	1
493	181	1
491	181	1
735	181	1
214	181	1
158	182	1
215	182	1
748	183	1
208	183	1
431	184	1
89	184	1
1570	184	1
209	184	1
636	184	1
416	185	1
2335	185	1
210	185	1
64	186	1
1460	186	1
739	186	1
296	186	1
553	186	1
211	186	1
239	187	1
1816	187	1
490	187	1
47	187	1
194	187	1
238	188	1
164	188	1
1271	189	1
237	189	1
431	189	1
1272	189	1
236	190	1
748	190	1
16	191	1
235	191	1
748	191	1
1991	192	1
596	192	1
234	192	1
614	193	1
233	193	1
269	193	1
15	193	1
232	194	1
487	194	1
286	194	1
31	194	1
428	195	1
143	195	1
231	195	1
1284	195	1
478	196	1
748	196	1
230	196	1
479	197	1
143	197	1
228	197	1
639	197	1
379	197	1
439	197	1
618	198	1
227	198	1
687	199	1
2429	199	1
89	199	1
226	199	1
1820	200	1
598	200	1
1602	200	1
225	200	1
687	201	1
431	201	1
224	201	1
254	202	1
16	202	1
1816	202	1
16	203	1
255	203	1
1177	203	1
866	204	1
252	204	1
1506	204	1
253	205	1
563	205	1
295	205	1
61	205	1
689	205	1
75	205	1
87	206	1
250	206	1
2650	206	1
578	207	1
428	207	1
251	207	1
77	207	1
108	207	1
399	208	1
1327	208	1
249	208	1
2089	208	1
246	209	1
1637	209	1
729	210	1
244	210	1
137	211	1
566	211	1
751	211	1
245	211	1
764	212	1
242	212	1
1007	213	1
575	213	1
243	213	1
15	213	1
566	214	1
83	214	1
240	214	1
1379	214	1
553	214	1
2653	215	1
241	215	1
205	216	1
567	216	1
275	216	1
479	216	1
274	217	1
39	217	1
273	218	1
915	218	1
1552	218	1
272	219	1
2057	219	1
327	220	1
325	220	1
1899	220	1
279	220	1
278	221	1
295	221	1
524	221	1
484	221	1
568	221	1
553	221	1
2116	222	1
343	222	1
277	222	1
1994	222	1
468	222	1
271	222	1
593	223	1
283	223	1
590	223	1
859	224	1
282	224	1
2550	225	1
281	225	1
193	225	1
520	225	1
194	225	1
287	226	1
379	226	1
487	227	1
286	227	1
31	227	1
65	228	1
584	228	1
487	228	1
285	228	1
566	229	1
748	229	1
524	229	1
284	229	1
668	230	1
258	230	1
259	231	1
15	231	1
256	232	1
71	232	1
768	232	1
570	232	1
422	232	1
257	233	1
636	233	1
262	234	1
346	234	1
263	235	1
189	235	1
1981	235	1
794	235	1
260	236	1
321	236	1
583	236	1
229	236	1
2560	237	1
1325	237	1
261	237	1
1528	237	1
420	237	1
101	238	1
266	238	1
759	238	1
263	239	1
267	239	1
164	239	1
669	240	1
2422	240	1
264	240	1
75	240	1
265	241	1
639	241	1
636	241	1
343	242	1
340	242	1
574	242	1
468	242	1
496	242	1
271	242	1
460	243	1
21	243	1
733	243	1
335	243	1
268	243	1
259	244	1
614	244	1
617	244	1
15	244	1
269	244	1
1913	245	1
305	245	1
251	245	1
428	245	1
1462	245	1
109	245	1
479	246	1
304	246	1
427	246	1
1175	246	1
2092	246	1
566	247	1
307	247	1
968	247	1
58	247	1
555	247	1
553	247	1
411	248	1
566	248	1
306	248	1
83	248	1
553	248	1
308	249	1
736	249	1
669	250	1
311	250	1
748	250	1
75	250	1
310	251	1
164	251	1
578	252	1
773	252	1
428	252	1
313	252	1
646	252	1
312	253	1
407	253	1
553	253	1
510	254	1
315	254	1
1643	255	1
535	255	1
1355	255	1
802	255	1
314	255	1
1378	255	1
317	256	1
345	256	1
748	257	1
316	257	1
427	258	1
1645	258	1
319	258	1
509	259	1
2327	259	1
418	259	1
318	259	1
550	260	1
288	260	1
592	260	1
641	260	1
289	261	1
2038	261	1
67	261	1
76	261	1
2381	261	1
1378	261	1
290	262	1
613	262	1
1535	262	1
1536	262	1
1538	262	1
1912	263	1
291	263	1
2221	263	1
1840	263	1
164	263	1
760	264	1
293	264	1
577	265	1
294	265	1
388	265	1
566	266	1
83	266	1
472	266	1
296	266	1
1237	267	1
297	267	1
693	267	1
228	267	1
639	267	1
439	267	1
442	268	1
1322	268	1
298	268	1
810	268	1
411	269	1
299	269	1
553	269	1
594	270	1
301	270	1
1622	270	1
239	271	1
490	271	1
302	271	1
429	272	1
433	272	1
303	272	1
2017	273	1
343	273	1
1801	273	1
342	274	1
341	274	1
710	274	1
343	275	1
340	275	1
339	276	1
628	276	1
338	277	1
364	277	1
144	277	1
78	277	1
347	277	1
337	278	1
748	278	1
427	279	1
336	279	1
586	279	1
379	279	1
345	279	1
748	280	1
350	280	1
349	281	1
639	281	1
345	281	1
85	282	1
348	282	1
144	283	1
133	283	1
347	283	1
164	283	1
2422	284	1
77	284	1
623	284	1
346	284	1
75	284	1
2216	285	1
345	285	1
1524	286	1
344	286	1
327	287	1
325	287	1
328	287	1
324	288	1
1323	288	1
141	288	1
2561	288	1
229	288	1
2468	288	1
327	289	1
325	289	1
333	289	1
63	289	1
328	289	1
2306	290	1
567	290	1
322	290	1
1955	290	1
1193	290	1
2180	290	1
16	291	1
2509	291	1
968	291	1
323	291	1
1645	291	1
161	291	1
567	292	1
478	292	1
566	292	1
334	292	1
333	293	1
63	293	1
238	294	1
330	294	1
577	295	1
732	295	1
355	295	1
748	295	1
360	295	1
331	295	1
748	296	1
2620	296	1
329	296	1
373	297	1
274	297	1
39	297	1
372	298	1
158	298	1
89	298	1
375	299	1
456	299	1
553	299	1
653	300	1
87	300	1
374	300	1
369	301	1
612	301	1
748	301	1
566	302	1
368	302	1
484	302	1
553	302	1
563	303	1
371	303	1
876	303	1
553	303	1
748	304	1
370	304	1
189	305	1
381	305	1
164	305	1
1237	306	1
383	306	1
687	307	1
431	307	1
2343	307	1
382	307	1
636	307	1
705	308	1
559	308	1
377	308	1
642	308	1
639	309	1
376	309	1
636	309	1
1540	310	1
379	310	1
623	311	1
75	311	1
378	311	1
356	312	1
746	312	1
577	312	1
1563	312	1
804	313	1
1564	313	1
358	313	1
2090	313	1
244	313	1
538	313	1
352	314	1
351	314	1
1373	315	1
353	315	1
905	315	1
42	315	1
428	316	1
354	316	1
748	316	1
577	317	1
1521	317	1
355	317	1
144	318	1
364	318	1
347	318	1
365	319	1
366	319	1
2113	320	1
366	320	1
365	321	1
367	321	1
2500	322	1
360	322	1
699	323	1
361	323	1
56	324	1
362	324	1
748	325	1
2192	325	1
363	325	1
566	326	1
411	326	1
83	326	1
408	327	1
1299	327	1
409	328	1
631	328	1
414	329	1
612	329	1
415	330	1
1175	330	1
413	331	1
553	331	1
578	332	1
443	332	1
2463	332	1
402	332	1
633	332	1
220	333	1
403	333	1
539	333	1
164	333	1
16	334	1
1252	334	1
1251	334	1
428	334	1
400	334	1
259	335	1
2355	335	1
2361	335	1
556	335	1
401	335	1
15	335	1
1593	336	1
1286	336	1
406	336	1
428	337	1
2308	337	1
231	337	1
407	337	1
2303	338	1
2310	338	1
403	338	1
404	338	1
103	339	1
405	339	1
395	340	1
609	340	1
126	340	1
134	340	1
394	341	1
158	341	1
15	341	1
393	342	1
77	342	1
392	343	1
428	343	1
143	343	1
231	343	1
1284	343	1
439	343	1
398	344	1
748	344	1
660	344	1
2347	344	1
479	345	1
397	345	1
379	345	1
190	346	1
396	346	1
192	346	1
164	346	1
746	347	1
612	347	1
748	347	1
387	347	1
566	348	1
386	348	1
568	348	1
385	349	1
15	349	1
632	350	1
384	350	1
639	350	1
88	350	1
146	351	1
391	351	1
164	351	1
186	352	1
578	352	1
325	352	1
333	352	1
390	352	1
440	353	1
2591	353	1
389	353	1
440	354	1
193	354	1
421	354	1
441	355	1
563	355	1
368	355	1
415	355	1
442	356	1
639	356	1
443	357	1
1909	357	1
636	357	1
444	358	1
15	358	1
445	359	1
145	359	1
446	360	1
691	360	1
319	360	1
447	361	1
555	361	1
553	361	1
1609	362	1
432	362	1
433	363	1
166	363	1
429	364	1
159	364	1
433	364	1
434	364	1
2474	365	1
1340	365	1
598	365	1
435	365	1
1	366	1
259	366	1
9	366	1
752	366	1
436	366	1
15	366	1
437	367	1
636	367	1
438	368	1
15	368	1
425	369	1
572	369	1
1291	370	1
424	370	1
558	370	1
559	370	1
63	370	1
566	371	1
86	371	1
426	371	1
429	372	1
433	372	1
303	372	1
478	373	1
428	373	1
202	373	1
2025	373	1
351	373	1
687	374	1
257	374	1
431	374	1
635	374	1
1570	374	1
636	374	1
1291	375	1
430	375	1
2511	376	1
139	376	1
1914	376	1
138	376	1
1714	376	1
417	376	1
189	377	1
524	377	1
416	377	1
164	377	1
419	378	1
1199	378	1
480	378	1
741	378	1
2215	379	1
193	379	1
421	379	1
194	379	1
399	380	1
261	380	1
249	380	1
1327	380	1
1528	380	1
420	380	1
1686	381	1
1070	381	1
423	381	1
164	381	1
567	382	1
478	382	1
746	382	1
566	382	1
295	382	1
566	383	1
479	383	1
524	383	1
480	383	1
169	384	1
476	384	1
1460	385	1
474	385	1
553	385	1
699	386	1
475	386	1
636	386	1
472	387	1
622	387	1
567	388	1
651	388	1
1007	388	1
473	388	1
553	388	1
470	389	1
161	389	1
215	389	1
79	389	1
479	390	1
471	390	1
2017	391	1
343	391	1
730	391	1
468	391	1
496	391	1
465	391	1
1714	392	1
469	392	1
566	393	1
295	393	1
524	393	1
466	393	1
567	394	1
566	394	1
295	394	1
466	394	1
467	394	1
553	394	1
478	395	1
565	395	1
4	395	1
334	395	1
484	395	1
464	395	1
276	396	1
574	396	1
280	396	1
465	396	1
463	397	1
1645	397	1
462	398	1
428	398	1
461	399	1
282	399	1
460	400	1
110	400	1
641	400	1
746	401	1
459	401	1
748	401	1
458	402	1
650	402	1
167	402	1
550	403	1
1561	403	1
457	403	1
26	403	1
570	403	1
673	403	1
456	404	1
553	404	1
455	405	1
540	405	1
550	406	1
592	406	1
454	406	1
1125	406	1
514	407	1
453	407	1
348	407	1
2538	408	1
2667	408	1
452	408	1
553	408	1
2559	409	1
955	409	1
647	409	1
451	409	1
567	410	1
1540	410	1
639	410	1
480	410	1
450	410	1
192	411	1
449	411	1
164	411	1
631	412	1
448	412	1
550	413	1
508	413	1
799	413	1
110	413	1
2428	413	1
2392	413	1
509	414	1
2327	414	1
524	414	1
418	414	1
357	415	1
511	415	1
2224	415	1
193	415	1
520	415	1
506	416	1
135	416	1
75	416	1
515	417	1
507	417	1
1288	418	1
1289	418	1
251	418	1
500	418	1
564	419	1
2445	419	1
248	419	1
501	419	1
1768	419	1
664	420	1
504	420	1
502	420	1
497	420	1
566	421	1
2537	421	1
295	421	1
748	421	1
503	421	1
568	421	1
343	422	1
340	422	1
468	422	1
496	422	1
664	423	1
497	423	1
479	424	1
2343	424	1
498	424	1
251	425	1
108	425	1
109	425	1
499	425	1
493	426	1
2420	426	1
566	426	1
491	426	1
1742	426	1
492	427	1
469	427	1
2319	427	1
495	428	1
428	428	1
748	428	1
494	429	1
428	429	1
550	430	1
592	430	1
489	430	1
110	430	1
292	431	1
488	431	1
539	431	1
748	432	1
490	432	1
485	433	1
1575	433	1
643	433	1
642	433	1
567	434	1
295	434	1
484	434	1
553	434	1
258	435	1
668	435	1
2271	435	1
481	435	1
2571	435	1
252	436	1
579	436	1
14	436	1
552	436	1
483	436	1
550	437	1
592	437	1
641	437	1
673	437	1
551	438	1
1423	438	1
2424	438	1
570	438	1
439	438	1
548	439	1
431	439	1
75	439	1
566	440	1
549	440	1
83	440	1
1860	440	1
1861	440	1
553	440	1
546	441	1
748	441	1
547	442	1
164	442	1
544	443	1
541	443	1
1	444	1
259	444	1
545	444	1
752	444	1
15	444	1
424	445	1
558	445	1
559	445	1
2355	446	1
2361	446	1
616	446	1
556	446	1
557	446	1
2460	447	1
124	447	1
554	447	1
566	448	1
295	448	1
876	448	1
555	448	1
553	448	1
524	449	1
552	449	1
567	450	1
566	450	1
1460	450	1
295	450	1
466	450	1
566	451	1
295	451	1
524	451	1
466	451	1
566	452	1
565	452	1
295	452	1
739	452	1
1842	452	1
220	453	1
564	453	1
38	453	1
39	453	1
248	453	1
164	453	1
746	454	1
428	454	1
562	454	1
748	454	1
158	455	1
561	455	1
247	455	1
1453	455	1
741	455	1
168	456	1
2342	456	1
560	456	1
1379	456	1
553	456	1
550	457	1
575	457	1
641	457	1
673	457	1
574	458	1
465	458	1
625	459	1
882	459	1
748	459	1
573	459	1
1763	460	1
20	460	1
572	460	1
2496	460	1
577	461	1
1521	461	1
571	461	1
60	461	1
479	462	1
844	462	1
569	462	1
516	463	1
2165	463	1
517	464	1
273	464	1
2510	465	1
518	465	1
1171	465	1
1199	465	1
165	465	1
519	466	1
767	466	1
77	466	1
663	466	1
182	466	1
512	467	1
612	467	1
75	467	1
408	468	1
513	468	1
412	468	1
156	469	1
514	469	1
515	470	1
454	470	1
570	470	1
189	471	1
718	471	1
524	471	1
164	471	1
431	472	1
525	472	1
521	472	1
1426	473	1
685	473	1
1428	473	1
526	473	1
523	473	1
1420	473	1
428	474	1
748	474	1
527	474	1
2550	475	1
2449	475	1
193	475	1
421	475	1
520	475	1
194	475	1
479	476	1
143	476	1
720	476	1
231	476	1
521	476	1
1083	477	1
1082	477	1
1260	477	1
639	477	1
345	477	1
522	477	1
69	478	1
523	478	1
533	479	1
28	479	1
532	480	1
2188	480	1
694	480	1
534	481	1
42	481	1
529	482	1
679	482	1
1657	483	1
1969	483	1
2663	483	1
528	483	1
748	483	1
531	484	1
344	484	1
164	484	1
342	485	1
341	485	1
530	485	1
710	485	1
524	486	1
541	486	1
540	487	1
1124	487	1
1204	488	1
748	488	1
780	488	1
543	488	1
455	489	1
540	489	1
1124	489	1
542	489	1
207	490	1
201	490	1
412	490	1
59	490	1
537	490	1
762	491	1
1561	491	1
110	491	1
536	491	1
673	491	1
2166	492	1
16	492	1
130	492	1
539	492	1
610	493	1
748	493	1
720	493	1
611	494	1
428	494	1
748	494	1
1307	495	1
608	495	1
439	495	1
614	496	1
2497	496	1
2108	496	1
15	496	1
1080	497	1
609	497	1
1936	497	1
612	497	1
720	497	1
2379	497	1
630	498	1
613	498	1
1349	498	1
479	499	1
619	499	1
639	499	1
615	500	1
556	500	1
616	500	1
614	501	1
617	501	1
2047	501	1
269	501	1
439	501	1
566	502	1
739	502	1
622	502	1
553	502	1
623	503	1
75	503	1
261	504	1
620	504	1
748	505	1
621	505	1
627	506	1
262	506	1
688	506	1
626	507	1
660	507	1
625	508	1
660	508	1
164	508	1
624	509	1
1173	509	1
2342	509	1
631	510	1
448	510	1
630	511	1
1536	511	1
1538	511	1
629	512	1
748	512	1
257	513	1
635	513	1
1571	513	1
636	513	1
567	514	1
566	514	1
1460	514	1
612	514	1
295	514	1
634	514	1
1583	515	1
2509	515	1
431	515	1
633	515	1
1910	515	1
636	515	1
295	516	1
639	516	1
2410	516	1
516	517	1
624	517	1
638	517	1
765	518	1
295	518	1
1574	518	1
2688	518	1
637	518	1
553	518	1
110	519	1
661	519	1
641	519	1
636	519	1
576	520	1
566	520	1
174	520	1
739	520	1
844	520	1
553	520	1
577	521	1
732	521	1
1711	521	1
44	521	1
580	522	1
612	522	1
697	522	1
748	522	1
1216	523	1
581	523	1
582	523	1
1127	523	1
1498	523	1
251	524	1
428	524	1
585	524	1
640	524	1
586	525	1
2092	525	1
379	525	1
587	526	1
29	526	1
428	527	1
215	527	1
89	527	1
588	527	1
2240	527	1
567	528	1
700	528	1
295	528	1
748	528	1
589	528	1
593	529	1
1510	529	1
590	529	1
365	530	1
366	530	1
367	530	1
591	530	1
593	531	1
590	531	1
550	532	1
592	532	1
2055	532	1
641	532	1
673	532	1
595	533	1
594	533	1
1195	533	1
1123	533	1
1622	533	1
597	534	1
300	534	1
429	535	1
308	535	1
599	535	1
159	535	1
433	535	1
303	535	1
205	536	1
598	536	1
676	536	1
746	537	1
206	537	1
1053	537	1
748	537	1
601	537	1
748	538	1
600	538	1
1115	539	1
603	539	1
2335	539	1
164	539	1
566	540	1
4	540	1
612	540	1
602	540	1
1742	540	1
553	540	1
669	541	1
605	541	1
75	541	1
1048	542	1
671	542	1
1641	542	1
541	542	1
604	542	1
607	543	1
538	543	1
164	543	1
577	544	1
477	544	1
677	544	1
606	544	1
687	545	1
431	545	1
635	545	1
319	545	1
636	545	1
686	546	1
218	546	1
748	546	1
1426	547	1
685	547	1
1551	547	1
162	547	1
780	547	1
687	548	1
684	548	1
431	548	1
633	548	1
1861	548	1
636	548	1
683	549	1
89	549	1
713	550	1
2310	550	1
682	550	1
403	550	1
609	551	1
681	551	1
748	551	1
91	551	1
75	551	1
33	552	1
680	552	1
31	552	1
678	553	1
72	553	1
2216	554	1
676	554	1
345	554	1
428	555	1
675	555	1
674	556	1
195	556	1
110	557	1
2041	557	1
673	557	1
567	558	1
566	558	1
563	558	1
1460	558	1
553	558	1
672	558	1
702	559	1
16	559	1
1645	559	1
639	559	1
703	560	1
505	560	1
567	561	1
700	561	1
295	561	1
748	561	1
589	561	1
626	562	1
880	562	1
625	562	1
701	562	1
748	562	1
698	563	1
643	563	1
428	564	1
699	564	1
1968	565	1
696	565	1
748	565	1
660	565	1
428	566	1
748	566	1
697	566	1
251	567	1
77	567	1
695	567	1
2659	568	1
566	568	1
1650	568	1
692	568	1
553	568	1
1192	569	1
693	569	1
379	569	1
439	569	1
968	570	1
690	570	1
164	570	1
746	571	1
742	571	1
688	571	1
567	572	1
413	572	1
208	572	1
61	572	1
553	572	1
689	572	1
653	573	1
87	573	1
250	573	1
652	574	1
431	574	1
636	574	1
654	575	1
2481	575	1
553	575	1
649	576	1
694	576	1
648	577	1
82	577	1
1007	578	1
651	578	1
484	578	1
657	578	1
650	579	1
480	579	1
566	580	1
645	580	1
211	580	1
553	580	1
584	581	1
644	581	1
1122	581	1
151	581	1
110	582	1
641	582	1
251	583	1
640	583	1
668	584	1
2571	584	1
510	585	1
670	585	1
665	586	1
351	586	1
428	587	1
666	587	1
295	587	1
748	587	1
746	588	1
667	588	1
660	589	1
164	589	1
661	590	1
636	590	1
77	591	1
662	591	1
72	591	1
75	591	1
748	592	1
656	592	1
1582	593	1
657	593	1
658	593	1
428	594	1
164	594	1
659	594	1
747	595	1
300	595	1
15	595	1
746	596	1
1887	596	1
1886	596	1
1885	596	1
745	597	1
2031	597	1
164	597	1
745	598	1
744	598	1
2660	598	1
2031	598	1
164	598	1
1460	599	1
750	599	1
484	599	1
2486	599	1
553	599	1
1942	600	1
1927	600	1
139	600	1
138	600	1
749	600	1
1934	600	1
566	601	1
739	601	1
553	601	1
748	602	1
2025	602	1
738	602	1
1117	603	1
251	603	1
737	603	1
15	603	1
773	604	1
646	604	1
743	604	1
1241	604	1
205	605	1
748	605	1
742	605	1
158	606	1
741	606	1
64	607	1
740	607	1
762	608	1
41	608	1
763	609	1
89	609	1
687	610	1
761	610	1
2429	610	1
89	610	1
766	611	1
164	611	1
767	612	1
158	612	1
1880	613	1
764	613	1
748	613	1
911	614	1
765	614	1
1574	614	1
2688	614	1
637	614	1
410	615	1
445	615	1
754	615	1
406	615	1
479	616	1
755	616	1
259	617	1
752	617	1
15	617	1
650	618	1
753	618	1
220	619	1
189	619	1
2059	619	1
758	619	1
847	619	1
164	619	1
101	620	1
266	620	1
1981	620	1
759	620	1
1405	621	1
189	621	1
2059	621	1
758	621	1
756	621	1
380	622	1
757	622	1
220	623	1
713	623	1
416	623	1
712	624	1
486	624	1
715	625	1
1219	625	1
2090	625	1
164	625	1
714	626	1
162	626	1
348	626	1
717	627	1
158	627	1
612	627	1
85	628	1
716	628	1
272	629	1
612	629	1
719	629	1
189	630	1
718	630	1
164	630	1
748	631	1
704	631	1
454	632	1
707	632	1
706	633	1
193	633	1
520	633	1
1911	633	1
1117	634	1
251	634	1
709	634	1
15	634	1
159	635	1
197	635	1
196	635	1
708	635	1
848	636	1
570	636	1
711	636	1
439	636	1
342	637	1
341	637	1
710	637	1
728	638	1
1017	638	1
1137	638	1
164	638	1
1017	639	1
729	639	1
343	640	1
730	640	1
468	640	1
731	641	1
352	641	1
351	641	1
1657	642	1
732	642	1
122	642	1
733	643	1
641	643	1
567	644	1
734	644	1
493	645	1
491	645	1
735	645	1
748	646	1
720	646	1
721	647	1
439	647	1
189	648	1
722	648	1
723	649	1
639	649	1
636	649	1
724	650	1
553	650	1
2613	651	1
748	651	1
725	651	1
42	652	1
726	652	1
577	653	1
727	653	1
821	654	1
1253	654	1
1147	654	1
820	655	1
1155	655	1
1216	655	1
819	655	1
818	655	1
1213	655	1
823	656	1
1645	656	1
1485	656	1
608	657	1
1390	657	1
822	657	1
1422	657	1
882	658	1
817	658	1
1204	658	1
881	659	1
1524	659	1
816	659	1
1216	660	1
819	660	1
818	660	1
583	660	1
1126	660	1
1213	660	1
819	661	1
1368	661	1
818	661	1
1126	661	1
1213	661	1
910	662	1
828	662	1
914	662	1
1528	662	1
1895	662	1
1253	663	1
831	663	1
821	664	1
1253	664	1
963	664	1
830	664	1
1216	665	1
825	665	1
1622	665	1
428	666	1
143	666	1
228	666	1
824	666	1
1284	666	1
1216	667	1
826	667	1
804	668	1
1440	668	1
805	669	1
1460	669	1
1698	669	1
806	670	1
931	670	1
807	671	1
1355	671	1
1122	671	1
1139	671	1
1700	672	1
2657	672	1
800	672	1
1707	672	1
1123	672	1
801	673	1
1137	673	1
164	673	1
802	674	1
1543	674	1
1169	675	1
803	675	1
911	676	1
1254	676	1
812	676	1
1141	676	1
1342	677	1
1366	677	1
813	677	1
815	677	1
810	677	1
1524	678	1
814	678	1
164	678	1
1081	679	1
1322	679	1
1130	679	1
815	679	1
810	679	1
295	680	1
1673	680	1
808	680	1
732	681	1
360	681	1
809	681	1
1130	682	1
810	682	1
1719	683	1
1288	683	1
811	683	1
791	684	1
1511	684	1
1235	684	1
2058	684	1
1410	685	1
790	685	1
1207	685	1
416	685	1
789	686	1
1269	686	1
2342	686	1
1288	687	1
1289	687	1
788	687	1
75	687	1
1005	688	1
787	688	1
1004	688	1
1364	688	1
1156	689	1
786	689	1
1329	689	1
1813	689	1
863	689	1
785	690	1
918	690	1
1408	691	1
1156	691	1
784	691	1
1329	691	1
1813	691	1
1646	692	1
798	692	1
1630	693	1
797	693	1
866	694	1
796	694	1
796	695	1
795	695	1
799	696	1
793	696	1
787	697	1
1005	697	1
1561	697	1
1004	697	1
792	697	1
774	698	1
566	698	1
1644	698	1
1688	698	1
657	698	1
1494	699	1
775	699	1
2708	699	1
332	699	1
746	700	1
772	700	1
203	700	1
748	700	1
73	700	1
770	701	1
765	701	1
164	701	1
731	702	1
771	702	1
351	702	1
1286	702	1
768	703	1
570	703	1
773	704	1
769	704	1
1185	705	1
782	705	1
1534	705	1
847	705	1
164	705	1
1204	706	1
748	706	1
543	706	1
780	706	1
639	706	1
1599	707	1
1140	707	1
781	707	1
534	708	1
778	708	1
110	709	1
26	709	1
779	709	1
1460	710	1
163	710	1
876	710	1
776	710	1
2167	711	1
343	711	1
399	711	1
1327	711	1
2089	711	1
777	711	1
1524	712	1
881	712	1
576	713	1
566	713	1
883	713	1
524	713	1
1530	713	1
1379	713	1
882	714	1
1204	714	1
2424	714	1
1257	714	1
75	714	1
1659	715	1
885	715	1
110	715	1
887	716	1
1296	716	1
1336	717	1
886	717	1
178	717	1
19	718	1
867	718	1
891	718	1
1714	719	1
905	719	1
42	719	1
890	719	1
893	719	1
2154	719	1
139	720	1
1717	720	1
1714	720	1
905	720	1
42	720	1
893	720	1
1291	721	1
1175	721	1
1260	721	1
894	721	1
864	722	1
577	722	1
2500	722	1
809	722	1
865	723	1
1080	723	1
612	723	1
19	724	1
867	724	1
1494	725	1
668	725	1
868	725	1
47	725	1
75	725	1
869	726	1
1644	726	1
1650	726	1
1375	727	1
870	727	1
77	727	1
871	728	1
524	728	1
1688	728	1
872	729	1
75	729	1
1521	730	1
873	730	1
571	730	1
60	730	1
1521	731	1
874	731	1
577	732	1
1521	732	1
840	732	1
875	732	1
571	732	1
60	732	1
1270	733	1
1007	733	1
454	733	1
1026	733	1
877	733	1
1579	734	1
1011	734	1
1570	734	1
878	734	1
851	735	1
918	735	1
592	736	1
849	736	1
968	736	1
848	736	1
849	737	1
968	737	1
848	737	1
2599	738	1
1232	738	1
855	738	1
1179	738	1
2212	738	1
1020	739	1
1733	739	1
854	739	1
1054	739	1
2424	739	1
1016	740	1
853	740	1
1655	740	1
1492	741	1
852	741	1
567	742	1
2557	742	1
2304	742	1
1085	742	1
859	742	1
1126	743	1
858	743	1
1484	743	1
1017	744	1
1154	744	1
857	744	1
794	744	1
164	744	1
1339	745	1
856	745	1
1655	745	1
987	746	1
1020	746	1
1813	746	1
639	746	1
863	746	1
2424	746	1
1237	747	1
1679	747	1
1432	747	1
862	747	1
1912	748	1
1185	748	1
935	748	1
861	748	1
1199	749	1
860	749	1
834	750	1
715	750	1
1219	750	1
1797	750	1
1822	751	1
577	751	1
835	751	1
1521	751	1
1068	751	1
1815	751	1
832	752	1
886	752	1
2244	752	1
2467	752	1
1702	753	1
833	753	1
1053	753	1
1490	754	1
838	754	1
1008	754	1
836	755	1
689	755	1
427	756	1
1596	756	1
1267	756	1
837	756	1
376	756	1
2560	757	1
842	757	1
1241	757	1
566	758	1
1541	758	1
843	758	1
577	759	1
1521	759	1
355	759	1
1073	759	1
840	759	1
841	760	1
1197	760	1
785	761	1
846	761	1
220	762	1
847	762	1
1185	763	1
975	763	1
935	763	1
1785	763	1
56	763	1
845	763	1
956	764	1
561	764	1
110	764	1
2599	765	1
957	765	1
1232	765	1
1179	765	1
996	765	1
958	766	1
968	766	1
1410	767	1
959	767	1
952	768	1
2606	768	1
1555	768	1
953	769	1
1661	769	1
973	770	1
954	770	1
970	771	1
428	771	1
955	771	1
1329	772	1
948	772	1
1447	773	1
1282	773	1
1283	773	1
949	773	1
1609	774	1
950	774	1
1513	774	1
75	774	1
85	775	1
951	775	1
1241	775	1
1242	775	1
729	776	1
1017	776	1
1647	776	1
1467	776	1
944	776	1
794	776	1
1336	777	1
1338	777	1
945	777	1
789	778	1
1288	778	1
1415	778	1
63	778	1
328	778	1
946	778	1
428	779	1
1601	779	1
947	779	1
941	780	1
935	780	1
164	780	1
940	781	1
1243	781	1
943	782	1
1154	782	1
164	782	1
937	783	1
1516	783	1
936	784	1
1137	784	1
164	784	1
561	785	1
612	785	1
939	785	1
427	786	1
1235	786	1
938	786	1
866	787	1
252	787	1
1506	787	1
933	787	1
1001	788	1
71	788	1
1054	788	1
1464	788	1
932	788	1
1485	788	1
381	789	1
935	789	1
484	790	1
934	790	1
876	790	1
984	791	1
257	791	1
929	791	1
1637	791	1
1020	792	1
1329	792	1
928	792	1
1255	793	1
931	793	1
1560	794	1
1698	794	1
72	794	1
741	794	1
930	794	1
926	795	1
1533	795	1
927	796	1
1020	796	1
1113	796	1
924	797	1
923	797	1
1127	797	1
925	798	1
1461	798	1
1310	798	1
1540	798	1
673	798	1
1266	799	1
922	799	1
1726	799	1
581	800	1
923	800	1
1130	801	1
920	801	1
810	801	1
1521	802	1
921	802	1
874	802	1
1253	803	1
919	803	1
1295	804	1
1173	804	1
916	804	1
428	805	1
158	805	1
1039	805	1
917	805	1
273	806	1
1552	806	1
915	806	1
1355	807	1
586	807	1
912	807	1
1241	808	1
1242	808	1
913	808	1
911	809	1
566	809	1
903	809	1
524	809	1
164	809	1
910	810	1
914	810	1
1528	810	1
1895	810	1
909	811	1
2305	811	1
415	811	1
920	811	1
810	811	1
1253	812	1
908	812	1
1020	813	1
907	813	1
1861	813	1
75	813	1
1288	814	1
906	814	1
559	814	1
977	814	1
1394	814	1
293	815	1
905	815	1
1492	816	1
904	816	1
1673	816	1
911	817	1
1175	817	1
903	817	1
965	817	1
902	818	1
1498	818	1
1555	818	1
1554	818	1
1352	819	1
1208	819	1
1534	819	1
229	819	1
901	819	1
1584	819	1
1565	820	1
1566	820	1
612	820	1
900	820	1
1673	820	1
108	821	1
109	821	1
899	821	1
158	822	1
1241	822	1
898	822	1
1373	823	1
889	823	1
469	823	1
897	823	1
1018	824	1
158	824	1
1575	824	1
75	824	1
1019	825	1
1143	825	1
1140	825	1
1137	825	1
1338	826	1
1323	826	1
1021	826	1
431	826	1
1329	826	1
1330	826	1
1022	827	1
1465	827	1
1023	828	1
1283	828	1
1008	829	1
345	829	1
1009	830	1
1570	830	1
1080	831	1
2176	831	1
935	831	1
1010	831	1
1579	832	1
1011	832	1
1570	832	1
1062	832	1
1009	833	1
1011	833	1
1570	833	1
1012	833	1
566	834	1
883	834	1
296	834	1
1013	834	1
1157	835	1
1014	835	1
577	836	1
677	836	1
1015	836	1
1001	837	1
1186	837	1
570	837	1
1000	838	1
71	838	1
1464	838	1
348	838	1
1513	838	1
1241	838	1
984	839	1
1003	839	1
1002	840	1
1355	840	1
1005	841	1
1004	841	1
673	841	1
1005	842	1
1004	842	1
673	842	1
1007	843	1
575	843	1
2361	843	1
1355	844	1
993	844	1
1369	845	1
1085	845	1
859	845	1
992	845	1
319	845	1
1355	846	1
995	846	1
1016	847	1
162	847	1
997	847	1
2674	848	1
416	848	1
1179	848	1
996	848	1
1691	848	1
85	849	1
348	849	1
1241	849	1
1242	849	1
999	849	1
1272	850	1
998	850	1
2615	851	1
987	851	1
1645	851	1
2617	851	1
984	852	1
257	852	1
888	852	1
1637	852	1
1049	853	1
985	853	1
806	854	1
991	854	1
59	854	1
1775	854	1
1609	855	1
988	855	1
1241	855	1
75	855	1
1235	856	1
978	856	1
1594	857	1
665	857	1
1955	857	1
979	857	1
669	858	1
1080	858	1
609	858	1
77	858	1
976	858	1
75	858	1
1288	859	1
1269	859	1
977	859	1
1394	859	1
911	860	1
903	860	1
982	860	1
966	860	1
911	861	1
248	861	1
983	861	1
164	861	1
880	862	1
69	862	1
767	862	1
158	862	1
1846	862	1
980	862	1
971	863	1
975	863	1
1534	863	1
568	863	1
1379	863	1
969	864	1
1286	864	1
968	865	1
110	865	1
974	866	1
803	866	1
994	866	1
2167	867	1
1327	867	1
972	867	1
1528	867	1
746	868	1
963	868	1
524	869	1
962	869	1
164	869	1
1293	870	1
961	870	1
1302	870	1
379	870	1
1131	871	1
960	871	1
794	871	1
911	872	1
903	872	1
967	872	1
966	872	1
965	872	1
164	872	1
903	873	1
966	873	1
965	873	1
911	874	1
903	874	1
965	874	1
1520	875	1
345	875	1
964	875	1
1100	876	1
1179	876	1
164	876	1
1101	877	1
1465	877	1
1102	878	1
1112	878	1
1329	878	1
844	878	1
986	879	1
137	879	1
1103	879	1
1175	879	1
1096	880	1
799	880	1
793	880	1
1361	880	1
1070	881	1
1097	881	1
1098	882	1
1394	882	1
1912	883	1
1306	883	1
1099	883	1
344	883	1
164	883	1
1289	884	1
477	884	1
1092	884	1
677	884	1
1015	884	1
1093	885	1
1485	885	1
570	885	1
356	886	1
2086	886	1
1660	886	1
1094	886	1
123	886	1
2229	886	1
356	887	1
2086	887	1
1660	887	1
1095	887	1
2229	887	1
1513	888	1
1088	888	1
1566	889	1
1089	889	1
1355	890	1
1090	890	1
1024	891	1
1030	891	1
1091	891	1
1117	892	1
1594	892	1
612	892	1
821	893	1
1116	893	1
1253	893	1
911	894	1
1118	894	1
563	894	1
248	894	1
1115	894	1
2090	894	1
1113	895	1
720	895	1
1619	895	1
259	896	1
1340	896	1
1112	896	1
1329	896	1
1571	896	1
1115	897	1
164	897	1
1154	898	1
1114	898	1
164	898	1
1508	899	1
1505	899	1
1504	899	1
1507	899	1
1109	899	1
1329	900	1
1108	900	1
1729	901	1
1017	901	1
1730	901	1
1111	901	1
794	901	1
164	901	1
1329	902	1
1110	902	1
1571	902	1
1263	903	1
1261	903	1
1105	903	1
1580	904	1
1080	904	1
428	904	1
612	904	1
1104	904	1
75	904	1
1107	905	1
164	905	1
592	906	1
2357	906	1
799	906	1
1027	906	1
1106	906	1
1134	907	1
1667	907	1
720	907	1
911	908	1
1254	908	1
1132	908	1
967	908	1
1133	909	1
1310	909	1
1130	910	1
27	910	1
1131	911	1
164	911	1
729	912	1
1154	912	1
939	912	1
1128	912	1
794	912	1
164	912	1
1289	913	1
1129	913	1
77	913	1
1394	913	1
1126	914	1
167	914	1
1497	914	1
2372	915	1
2373	915	1
584	915	1
1127	915	1
1681	916	1
1355	916	1
1124	916	1
1675	916	1
541	917	1
1122	917	1
1345	917	1
579	918	1
718	918	1
1535	918	1
1123	918	1
882	919	1
1204	919	1
1120	919	1
1151	920	1
1150	920	1
1631	920	1
913	920	1
1150	921	1
1892	921	1
2045	921	1
913	921	1
1149	922	1
487	922	1
1535	922	1
286	922	1
31	922	1
773	923	1
1148	923	1
162	923	1
1348	923	1
1241	923	1
1242	923	1
593	924	1
1510	924	1
1145	924	1
1405	925	1
2166	925	1
1144	925	1
2430	925	1
1019	926	1
1143	926	1
1137	926	1
1173	927	1
1142	927	1
1241	927	1
1242	927	1
911	928	1
1141	928	1
982	928	1
967	928	1
966	928	1
965	928	1
1140	929	1
794	929	1
164	929	1
1122	930	1
1139	930	1
2707	930	1
1345	930	1
1460	931	1
559	931	1
1688	931	1
1138	931	1
1524	932	1
1137	932	1
164	932	1
1443	933	1
1445	933	1
1175	933	1
1136	933	1
1032	934	1
259	934	1
1329	934	1
592	935	1
1336	935	1
1033	935	1
849	935	1
968	935	1
848	935	1
1034	936	1
1175	936	1
1035	937	1
1179	937	1
715	938	1
1217	938	1
1036	938	1
1219	938	1
713	939	1
1663	939	1
1037	939	1
539	939	1
428	940	1
1038	940	1
1029	940	1
158	941	1
1039	941	1
1024	942	1
879	942	1
1336	943	1
2339	943	1
1054	943	1
1025	943	1
75	943	1
1291	944	1
1239	944	1
1007	944	1
454	944	1
1026	944	1
570	944	1
1337	945	1
1323	945	1
323	945	1
639	945	1
1028	945	1
379	945	1
1797	946	1
1947	946	1
1137	946	1
164	946	1
1031	946	1
1048	947	1
1355	947	1
1349	947	1
1346	947	1
1345	947	1
1050	948	1
1293	948	1
1330	948	1
1499	948	1
2577	949	1
1053	949	1
1052	949	1
1250	950	1
1055	950	1
1054	951	1
1192	951	1
1355	952	1
1041	952	1
1355	953	1
1040	953	1
207	954	1
1038	954	1
1043	954	1
1044	954	1
1029	954	1
1322	955	1
1042	955	1
1342	956	1
1366	956	1
813	956	1
815	956	1
1045	956	1
810	956	1
613	957	1
1122	957	1
1346	957	1
1047	957	1
2707	957	1
472	958	1
1541	958	1
1046	958	1
1066	959	1
1306	959	1
1064	959	1
1154	959	1
1107	959	1
164	959	1
1067	960	1
1053	960	1
37	960	1
1064	961	1
1154	961	1
1137	961	1
624	962	1
1065	962	1
1938	962	1
953	962	1
333	962	1
1686	963	1
1070	963	1
794	963	1
164	963	1
1017	964	1
1154	964	1
1071	964	1
794	964	1
164	964	1
577	965	1
1068	965	1
840	965	1
571	965	1
990	966	1
1069	966	1
2501	966	1
2500	966	1
360	966	1
727	966	1
1308	967	1
628	967	1
1058	967	1
1485	967	1
632	967	1
1360	967	1
608	968	1
1056	968	1
1060	968	1
1285	968	1
477	969	1
677	969	1
1057	969	1
1015	969	1
427	970	1
586	970	1
1062	970	1
379	970	1
1255	971	1
1063	971	1
931	971	1
1524	972	1
238	972	1
966	972	1
1137	972	1
164	972	1
1061	972	1
1083	973	1
1260	973	1
1083	974	1
1082	974	1
1260	974	1
1322	975	1
1081	975	1
1130	975	1
813	975	1
810	975	1
1390	976	1
1080	976	1
1087	977	1
1528	977	1
1241	977	1
1086	978	1
1293	978	1
1661	979	1
1084	979	1
1175	980	1
110	980	1
1075	980	1
1113	981	1
1074	981	1
315	981	1
1570	981	1
1183	981	1
1637	981	1
1521	982	1
355	982	1
1073	982	1
1293	983	1
1330	983	1
1072	983	1
1499	983	1
1087	984	1
2462	984	1
1079	984	1
1077	984	1
1154	985	1
1078	985	1
1087	986	1
2462	986	1
1079	986	1
1077	986	1
1341	987	1
158	987	1
1076	987	1
1221	988	1
1609	988	1
1619	988	1
1485	988	1
75	988	1
1220	989	1
1154	989	1
164	989	1
1322	990	1
1223	990	1
1130	990	1
810	990	1
911	991	1
1222	991	1
1217	992	1
1720	992	1
1216	993	1
825	993	1
826	993	1
1219	994	1
146	994	1
164	994	1
1229	995	1
1650	995	1
1694	995	1
1688	995	1
1689	995	1
1237	996	1
1228	996	1
2599	997	1
1232	997	1
1231	997	1
1179	997	1
996	997	1
2471	997	1
1616	998	1
1230	998	1
810	998	1
146	999	1
1225	999	1
1334	999	1
164	999	1
1608	1000	1
1336	1000	1
849	1000	1
1423	1000	1
1224	1000	1
1291	1001	1
1235	1001	1
1227	1001	1
1118	1002	1
1334	1002	1
164	1002	1
1226	1002	1
1236	1003	1
2509	1003	1
1513	1003	1
1237	1004	1
1228	1004	1
1458	1005	1
1238	1005	1
1485	1005	1
1423	1005	1
827	1005	1
1291	1006	1
1551	1006	1
1239	1006	1
379	1006	1
1232	1007	1
1179	1007	1
996	1007	1
1496	1007	1
2599	1008	1
1232	1008	1
1233	1008	1
1179	1008	1
996	1008	1
2212	1008	1
924	1009	1
923	1009	1
1234	1009	1
1525	1010	1
1244	1010	1
1246	1010	1
571	1010	1
1245	1011	1
349	1011	1
315	1011	1
1062	1011	1
345	1011	1
1525	1012	1
577	1012	1
1521	1012	1
1246	1012	1
571	1012	1
1521	1013	1
1247	1013	1
571	1013	1
1388	1014	1
1240	1014	1
85	1015	1
773	1015	1
1528	1015	1
1241	1015	1
1242	1015	1
773	1016	1
2560	1016	1
1241	1016	1
1242	1016	1
940	1017	1
1243	1017	1
1255	1018	1
931	1018	1
911	1019	1
1254	1019	1
966	1019	1
164	1019	1
1478	1020	1
1253	1020	1
1486	1020	1
1252	1021	1
1251	1021	1
400	1021	1
1251	1022	1
400	1022	1
1729	1023	1
1475	1023	1
1474	1023	1
1250	1023	1
794	1023	1
836	1024	1
1249	1024	1
67	1024	1
689	1024	1
1248	1025	1
1212	1025	1
1118	1026	1
248	1026	1
1115	1026	1
2090	1026	1
1262	1026	1
1270	1027	1
655	1027	1
2091	1027	1
1313	1027	1
1261	1027	1
345	1027	1
577	1028	1
1521	1028	1
571	1028	1
1259	1028	1
1154	1029	1
381	1029	1
1258	1029	1
164	1029	1
1020	1030	1
2676	1030	1
1645	1030	1
1257	1030	1
100	1031	1
359	1031	1
895	1031	1
1256	1031	1
1270	1032	1
1313	1032	1
454	1032	1
419	1032	1
570	1032	1
1336	1033	1
1271	1033	1
431	1033	1
628	1033	1
2343	1033	1
209	1033	1
1268	1034	1
1513	1034	1
345	1034	1
2420	1035	1
789	1035	1
1269	1035	1
1266	1036	1
612	1036	1
1726	1036	1
1664	1037	1
1267	1037	1
1302	1037	1
1264	1038	1
1235	1038	1
2586	1038	1
1135	1039	1
1265	1039	1
1739	1039	1
1278	1040	1
1534	1040	1
2471	1040	1
2153	1040	1
164	1040	1
290	1041	1
584	1041	1
1279	1041	1
487	1041	1
1535	1041	1
427	1042	1
1235	1042	1
586	1042	1
1276	1042	1
379	1042	1
345	1042	1
1526	1043	1
1505	1043	1
1504	1043	1
1507	1043	1
1277	1043	1
687	1044	1
320	1044	1
1423	1044	1
1274	1044	1
570	1044	1
827	1044	1
1306	1045	1
1304	1045	1
428	1045	1
1275	1045	1
344	1045	1
164	1045	1
1282	1046	1
1283	1046	1
1452	1046	1
1347	1046	1
1273	1046	1
1153	1047	1
1454	1047	1
1154	1048	1
164	1048	1
1156	1049	1
1329	1049	1
1602	1049	1
1813	1049	1
863	1049	1
1551	1050	1
1159	1050	1
1556	1050	1
746	1051	1
1701	1051	1
1158	1051	1
742	1051	1
1705	1051	1
688	1051	1
1160	1052	1
164	1052	1
1614	1053	1
1163	1053	1
1703	1054	1
2658	1054	1
1561	1054	1
1593	1054	1
1162	1054	1
2424	1054	1
1627	1055	1
1165	1055	1
1571	1055	1
1535	1056	1
1498	1056	1
1499	1056	1
1164	1056	1
1161	1057	1
1167	1057	1
431	1058	1
1328	1058	1
1166	1058	1
1170	1059	1
525	1059	1
1285	1059	1
1171	1060	1
1199	1060	1
1051	1061	1
1172	1061	1
1174	1062	1
1329	1062	1
2584	1062	1
319	1062	1
1355	1063	1
1593	1063	1
1177	1063	1
1124	1063	1
1286	1063	1
1520	1064	1
1178	1064	1
1179	1065	1
164	1065	1
1180	1066	1
947	1066	1
1178	1067	1
1621	1067	1
1181	1067	1
1432	1068	1
26	1068	1
570	1068	1
1182	1068	1
1579	1069	1
1011	1069	1
1570	1069	1
1183	1069	1
493	1070	1
1187	1070	1
592	1070	1
1269	1070	1
1310	1070	1
1203	1071	1
1184	1071	1
563	1071	1
739	1071	1
1194	1071	1
1322	1072	1
1130	1072	1
1191	1072	1
810	1072	1
1190	1073	1
1644	1073	1
1688	1073	1
639	1073	1
1355	1074	1
1189	1074	1
1124	1074	1
427	1075	1
1235	1075	1
1188	1075	1
1195	1076	1
1123	1076	1
1622	1076	1
2151	1077	1
2474	1077	1
1193	1077	1
876	1077	1
1291	1078	1
662	1078	1
1192	1078	1
2424	1078	1
1291	1079	1
1054	1079	1
1485	1079	1
2635	1079	1
1198	1079	1
1039	1080	1
1197	1080	1
1204	1081	1
1196	1081	1
326	1082	1
1202	1082	1
1241	1082	1
1703	1083	1
1200	1083	1
1551	1083	1
577	1084	1
1201	1084	1
1521	1084	1
571	1084	1
1017	1085	1
1154	1085	1
1206	1085	1
794	1085	1
164	1085	1
1207	1086	1
164	1086	1
2625	1087	1
1154	1087	1
1205	1087	1
130	1087	1
539	1087	1
538	1087	1
1216	1088	1
1210	1088	1
540	1088	1
884	1089	1
540	1089	1
1211	1089	1
1454	1089	1
431	1090	1
1208	1090	1
379	1090	1
1334	1090	1
164	1090	1
1430	1091	1
1435	1091	1
1209	1091	1
566	1092	1
739	1092	1
1650	1092	1
1214	1092	1
584	1093	1
524	1093	1
1215	1093	1
1521	1094	1
1059	1094	1
1212	1094	1
581	1095	1
1127	1095	1
1498	1095	1
1213	1095	1
1375	1096	1
1549	1096	1
1719	1097	1
566	1097	1
1374	1097	1
1373	1098	1
905	1098	1
1372	1099	1
1115	1099	1
137	1100	1
1103	1100	1
1371	1100	1
2693	1100	1
1370	1101	1
1334	1101	1
1369	1102	1
455	1102	1
2374	1103	1
2375	1103	1
1374	1103	1
1367	1103	1
813	1104	1
1366	1104	1
815	1104	1
810	1104	1
1005	1105	1
1004	1105	1
1365	1105	1
1364	1105	1
1344	1105	1
1364	1106	1
641	1106	1
673	1106	1
2654	1106	1
1185	1107	1
2176	1107	1
1179	1107	1
1363	1107	1
164	1107	1
1464	1108	1
1362	1108	1
1358	1109	1
1462	1109	1
1512	1109	1
592	1110	1
1359	1110	1
1662	1110	1
454	1110	1
1568	1110	1
1048	1111	1
1149	1111	1
1356	1111	1
1641	1111	1
1649	1111	1
668	1112	1
1357	1112	1
2303	1113	1
1354	1113	1
295	1113	1
935	1113	1
2318	1113	1
1355	1114	1
480	1114	1
1352	1115	1
1499	1115	1
2675	1116	1
612	1116	1
1353	1116	1
1673	1116	1
1218	1117	1
1350	1117	1
1152	1118	1
1351	1118	1
85	1119	1
1348	1119	1
1241	1119	1
1242	1119	1
1349	1120	1
1536	1120	1
1538	1120	1
1005	1121	1
1004	1121	1
1364	1121	1
673	1121	1
1344	1121	1
1048	1122	1
1346	1122	1
1047	1122	1
1345	1122	1
220	1123	1
1405	1123	1
164	1123	1
1404	1124	1
1113	1124	1
1407	1125	1
1464	1125	1
1406	1126	1
428	1126	1
1464	1126	1
849	1127	1
968	1127	1
1401	1127	1
428	1128	1
1400	1128	1
1464	1128	1
848	1129	1
1403	1129	1
566	1130	1
952	1130	1
563	1130	1
1402	1130	1
2606	1130	1
1555	1130	1
971	1131	1
1397	1131	1
1396	1132	1
1542	1132	1
1384	1133	1
1399	1133	1
1288	1134	1
906	1134	1
1398	1134	1
1394	1134	1
1320	1135	1
1392	1135	1
968	1136	1
1395	1136	1
1389	1137	1
849	1137	1
1026	1137	1
1028	1137	1
1587	1137	1
1051	1138	1
1390	1138	1
2708	1138	1
1492	1139	1
1391	1139	1
153	1140	1
1384	1140	1
1385	1140	1
1386	1141	1
1707	1141	1
1716	1142	1
1387	1142	1
2361	1142	1
673	1142	1
1380	1143	1
164	1143	1
1114	1144	1
1381	1144	1
794	1144	1
164	1144	1
1525	1145	1
577	1145	1
1382	1145	1
571	1145	1
1383	1146	1
1286	1146	1
158	1147	1
561	1147	1
1453	1147	1
1376	1147	1
1728	1148	1
566	1148	1
307	1148	1
1547	1148	1
739	1148	1
1377	1148	1
576	1149	1
566	1149	1
174	1149	1
2486	1149	1
1379	1149	1
1307	1150	1
1051	1150	1
1311	1150	1
729	1151	1
1017	1151	1
1306	1151	1
1107	1151	1
164	1151	1
1305	1152	1
1355	1152	1
2203	1153	1
1304	1153	1
344	1153	1
164	1153	1
1505	1154	1
1504	1154	1
1507	1154	1
1309	1154	1
410	1155	1
408	1155	1
1593	1155	1
1299	1155	1
1286	1155	1
1175	1156	1
1298	1156	1
457	1157	1
110	1157	1
1297	1157	1
1199	1157	1
984	1158	1
1303	1158	1
1596	1159	1
1302	1159	1
715	1160	1
1217	1160	1
1219	1160	1
1393	1160	1
1300	1160	1
1290	1161	1
158	1161	1
1453	1161	1
1291	1162	1
1020	1162	1
379	1162	1
1289	1163	1
1594	1163	1
1462	1163	1
1294	1164	1
1593	1164	1
1601	1164	1
673	1164	1
1607	1164	1
1549	1165	1
1292	1165	1
1282	1166	1
1283	1166	1
1347	1166	1
1282	1167	1
1283	1167	1
1066	1168	1
1280	1168	1
956	1169	1
1281	1169	1
1287	1170	1
1137	1170	1
164	1170	1
428	1171	1
143	1171	1
1284	1171	1
428	1172	1
431	1172	1
231	1172	1
1284	1172	1
1285	1172	1
1336	1173	1
1268	1173	1
1338	1173	1
1340	1173	1
1513	1173	1
1016	1174	1
1339	1174	1
785	1174	1
918	1174	1
1655	1174	1
1341	1175	1
428	1175	1
158	1175	1
1340	1176	1
1679	1176	1
1343	1177	1
360	1177	1
2455	1177	1
809	1177	1
1301	1177	1
1645	1178	1
1329	1178	1
1328	1179	1
1570	1179	1
639	1179	1
1168	1180	1
1331	1180	1
794	1180	1
1168	1181	1
1333	1181	1
1168	1182	1
1332	1182	1
1131	1183	1
1697	1183	1
794	1183	1
1335	1183	1
164	1183	1
579	1184	1
1468	1184	1
794	1184	1
1137	1184	1
164	1184	1
1334	1184	1
1321	1185	1
360	1185	1
809	1185	1
1301	1185	1
1151	1186	1
1150	1186	1
1324	1186	1
1146	1186	1
1063	1186	1
1196	1186	1
220	1187	1
2310	1187	1
1326	1187	1
1176	1187	1
2171	1187	1
911	1188	1
1254	1188	1
765	1188	1
1312	1188	1
1141	1188	1
1270	1189	1
1429	1189	1
1313	1189	1
419	1189	1
639	1189	1
345	1189	1
1006	1190	1
1314	1190	1
1383	1190	1
1315	1191	1
1530	1191	1
669	1192	1
1080	1192	1
612	1192	1
1316	1192	1
2453	1192	1
566	1193	1
883	1193	1
296	1193	1
1317	1193	1
1355	1194	1
1318	1194	1
428	1195	1
143	1195	1
228	1195	1
1284	1195	1
1319	1195	1
1494	1196	1
1733	1196	1
612	1196	1
1495	1197	1
1283	1197	1
1051	1198	1
1493	1198	1
1725	1198	1
1490	1199	1
178	1199	1
532	1200	1
1491	1200	1
1488	1201	1
1533	1201	1
1529	1201	1
1491	1202	1
428	1202	1
612	1202	1
1489	1202	1
981	1202	1
1472	1203	1
694	1203	1
1502	1203	1
448	1203	1
578	1204	1
773	1204	1
1289	1204	1
1503	1204	1
1394	1204	1
1307	1205	1
1051	1205	1
1311	1205	1
612	1205	1
1500	1205	1
1268	1206	1
1239	1206	1
1485	1206	1
1501	1206	1
2181	1206	1
1127	1207	1
1498	1207	1
290	1208	1
583	1208	1
1535	1208	1
1499	1208	1
164	1208	1
996	1209	1
1496	1209	1
1337	1210	1
1479	1210	1
1336	1210	1
2339	1210	1
1477	1211	1
1278	1211	1
1179	1211	1
1643	1212	1
1476	1212	1
802	1212	1
1729	1213	1
1475	1213	1
1474	1213	1
381	1213	1
1474	1214	1
381	1214	1
1473	1215	1
879	1215	1
1472	1216	1
1634	1216	1
694	1216	1
1282	1216	1
1283	1216	1
448	1216	1
427	1217	1
1487	1217	1
1009	1217	1
1570	1217	1
1253	1218	1
1160	1218	1
1486	1218	1
1126	1219	1
1124	1219	1
1484	1219	1
1499	1219	1
1485	1220	1
1483	1220	1
911	1221	1
1574	1221	1
967	1221	1
966	1221	1
1482	1221	1
965	1221	1
925	1222	1
1533	1222	1
1481	1222	1
137	1223	1
2018	1223	1
1103	1223	1
2544	1223	1
1480	1223	1
881	1224	1
1524	1224	1
577	1225	1
1525	1225	1
1521	1225	1
571	1225	1
1526	1226	1
1505	1226	1
1504	1226	1
1507	1226	1
1525	1227	1
577	1227	1
1527	1227	1
1521	1227	1
840	1227	1
1186	1228	1
1238	1228	1
71	1228	1
1522	1228	1
1485	1228	1
1523	1229	1
1485	1229	1
570	1229	1
1155	1230	1
984	1230	1
67	1230	1
1532	1230	1
888	1230	1
578	1231	1
783	1231	1
559	1231	1
1533	1231	1
328	1231	1
1534	1232	1
847	1232	1
1528	1233	1
1895	1233	1
427	1234	1
1529	1234	1
566	1235	1
1530	1235	1
1219	1236	1
2090	1236	1
146	1236	1
164	1236	1
1531	1236	1
1509	1237	1
669	1237	1
1725	1237	1
1508	1238	1
1505	1238	1
1504	1238	1
1309	1238	1
1507	1238	1
791	1239	1
1511	1239	1
1235	1239	1
2058	1239	1
593	1240	1
1510	1240	1
1505	1241	1
1504	1241	1
1309	1241	1
1507	1241	1
866	1242	1
252	1242	1
1506	1242	1
834	1243	1
1219	1243	1
1517	1243	1
1137	1243	1
989	1244	1
962	1244	1
1516	1244	1
164	1244	1
1519	1245	1
1537	1245	1
1613	1246	1
1518	1246	1
1336	1247	1
1113	1247	1
1513	1247	1
430	1248	1
1515	1248	1
1334	1248	1
786	1249	1
635	1249	1
1329	1249	1
1813	1249	1
863	1249	1
1514	1249	1
1426	1250	1
685	1250	1
1551	1250	1
1427	1251	1
1355	1251	1
1424	1252	1
1329	1252	1
2584	1252	1
1425	1253	1
1219	1253	1
1531	1253	1
1430	1254	1
1602	1254	1
676	1254	1
1357	1255	1
1431	1255	1
1485	1255	1
570	1255	1
1429	1256	1
2330	1256	1
1602	1256	1
1096	1257	1
799	1257	1
1434	1257	1
1027	1257	1
699	1258	1
1432	1258	1
911	1259	1
1574	1259	1
1433	1259	1
966	1259	1
965	1259	1
1288	1260	1
788	1260	1
1594	1260	1
1438	1260	1
892	1260	1
1394	1260	1
566	1261	1
295	1261	1
808	1261	1
1439	1261	1
1043	1262	1
1044	1262	1
1029	1262	1
1436	1262	1
896	1263	1
1437	1263	1
1411	1264	1
1154	1264	1
164	1264	1
1410	1265	1
2221	1265	1
130	1265	1
1409	1266	1
1250	1266	1
1932	1266	1
1627	1267	1
1408	1267	1
1156	1267	1
1813	1267	1
863	1267	1
789	1268	1
1288	1268	1
1269	1268	1
1289	1268	1
1415	1268	1
1394	1268	1
137	1269	1
1103	1269	1
1414	1269	1
1112	1270	1
1413	1270	1
1329	1270	1
1432	1270	1
882	1271	1
1204	1271	1
1412	1271	1
990	1272	1
1419	1272	1
2500	1272	1
727	1272	1
1418	1273	1
1422	1273	1
924	1274	1
923	1274	1
1417	1274	1
1526	1275	1
1505	1275	1
1507	1275	1
1416	1275	1
829	1276	1
1423	1276	1
827	1276	1
1048	1277	1
1355	1277	1
1139	1277	1
1421	1277	1
1551	1278	1
1420	1278	1
1456	1279	1
1686	1279	1
1154	1279	1
1070	1279	1
794	1279	1
1457	1280	1
309	1280	1
1096	1280	1
1470	1280	1
1344	1280	1
1458	1281	1
1463	1281	1
829	1281	1
570	1281	1
827	1281	1
164	1281	1
1459	1282	1
839	1282	1
1715	1282	1
1461	1283	1
639	1283	1
673	1283	1
1462	1284	1
955	1284	1
1054	1285	1
1464	1285	1
1513	1285	1
1255	1286	1
1465	1286	1
1355	1287	1
1466	1287	1
729	1288	1
1017	1288	1
1467	1288	1
1468	1289	1
794	1289	1
1334	1289	1
164	1289	1
849	1290	1
848	1290	1
639	1290	1
1469	1290	1
1005	1291	1
1662	1291	1
1004	1291	1
1365	1291	1
1470	1291	1
1038	1292	1
412	1292	1
1465	1292	1
1471	1292	1
1441	1293	1
566	1293	1
83	1293	1
1379	1293	1
804	1294	1
1440	1294	1
1443	1295	1
1445	1295	1
415	1295	1
1446	1295	1
676	1295	1
345	1295	1
942	1296	1
1442	1296	1
1444	1297	1
1541	1297	1
1447	1298	1
1283	1298	1
415	1299	1
1446	1299	1
676	1299	1
345	1299	1
1449	1300	1
1622	1300	1
1582	1301	1
567	1301	1
1516	1301	1
1448	1301	1
732	1302	1
1711	1302	1
1451	1302	1
809	1302	1
454	1303	1
1026	1303	1
1450	1303	1
158	1304	1
1453	1304	1
1282	1305	1
1347	1305	1
1452	1305	1
1170	1306	1
525	1306	1
1455	1306	1
540	1307	1
1454	1307	1
1642	1308	1
1087	1308	1
559	1308	1
72	1308	1
987	1309	1
1643	1309	1
1476	1309	1
1378	1309	1
1640	1310	1
1616	1310	1
810	1310	1
1641	1311	1
541	1311	1
1122	1311	1
1346	1311	1
2707	1311	1
478	1312	1
1646	1312	1
567	1313	1
1644	1313	1
650	1313	1
1650	1313	1
1291	1314	1
1645	1314	1
2424	1314	1
379	1314	1
1253	1315	1
1635	1315	1
75	1315	1
2599	1316	1
2331	1316	1
935	1316	1
1632	1316	1
2605	1316	1
2408	1316	1
69	1317	1
472	1317	1
1633	1317	1
1688	1317	1
1563	1318	1
158	1318	1
431	1318	1
1638	1318	1
1442	1319	1
1639	1319	1
1215	1320	1
1636	1320	1
1658	1321	1
1596	1321	1
1308	1321	1
1463	1321	1
1423	1321	1
1656	1322	1
1314	1322	1
1359	1323	1
1662	1323	1
110	1323	1
454	1323	1
792	1323	1
1651	1324	1
1467	1324	1
164	1324	1
1648	1325	1
1909	1325	1
2587	1325	1
2616	1325	1
1386	1326	1
1654	1326	1
1660	1327	1
1653	1327	1
1579	1328	1
1011	1328	1
1062	1328	1
878	1328	1
1652	1328	1
1608	1329	1
1336	1329	1
849	1329	1
1054	1329	1
1224	1329	1
1609	1330	1
1513	1330	1
1610	1331	1
1570	1331	1
1611	1332	1
1038	1332	1
1029	1332	1
101	1333	1
1154	1333	1
1612	1333	1
1380	1333	1
1381	1333	1
164	1333	1
100	1334	1
785	1334	1
1614	1334	1
1615	1334	1
1620	1334	1
1614	1335	1
1615	1335	1
1620	1335	1
1698	1336	1
1600	1336	1
672	1336	1
412	1337	1
1601	1337	1
1645	1338	1
1602	1338	1
2424	1338	1
340	1339	1
972	1339	1
1327	1339	1
1603	1339	1
1118	1340	1
1115	1340	1
2090	1340	1
1604	1340	1
1282	1341	1
1452	1341	1
1605	1341	1
1273	1341	1
1492	1342	1
1606	1342	1
410	1343	1
827	1343	1
1607	1343	1
1625	1344	1
1551	1344	1
1624	1345	1
1314	1345	1
1064	1346	1
1629	1346	1
1176	1346	1
1628	1347	1
1178	1347	1
480	1347	1
345	1347	1
1204	1348	1
1631	1348	1
1196	1348	1
566	1349	1
883	1349	1
524	1349	1
1617	1349	1
1616	1350	1
810	1350	1
237	1351	1
431	1351	1
1108	1351	1
1618	1351	1
1178	1352	1
1621	1352	1
100	1353	1
1724	1353	1
1723	1353	1
1620	1353	1
1323	1354	1
1579	1354	1
1429	1354	1
1313	1354	1
345	1354	1
1623	1354	1
753	1355	1
1622	1355	1
1582	1356	1
765	1356	1
1516	1356	1
1583	1357	1
2018	1357	1
1087	1357	1
1909	1357	1
1910	1357	1
1626	1358	1
1581	1358	1
690	1358	1
1581	1359	1
1578	1359	1
428	1359	1
659	1359	1
344	1359	1
1579	1360	1
1062	1360	1
1306	1361	1
1576	1361	1
1137	1361	1
164	1361	1
427	1362	1
1596	1362	1
1267	1362	1
1577	1362	1
376	1362	1
911	1363	1
1574	1363	1
164	1363	1
2203	1364	1
1217	1364	1
1219	1364	1
1572	1364	1
344	1364	1
164	1364	1
1140	1365	1
1573	1365	1
164	1365	1
1340	1366	1
1679	1366	1
1571	1366	1
1567	1367	1
1125	1367	1
1568	1367	1
431	1368	1
1054	1368	1
1329	1368	1
1569	1368	1
1599	1369	1
1573	1369	1
1140	1369	1
1598	1370	1
1149	1370	1
487	1370	1
1535	1370	1
1139	1370	1
1597	1371	1
1245	1371	1
349	1371	1
315	1371	1
1595	1372	1
1137	1372	1
164	1372	1
1117	1373	1
1594	1373	1
1462	1373	1
1051	1374	1
955	1374	1
1592	1374	1
872	1374	1
911	1375	1
1591	1375	1
966	1375	1
164	1375	1
911	1376	1
1590	1376	1
1118	1377	1
1115	1377	1
1589	1377	1
2335	1377	1
1588	1378	1
1570	1378	1
805	1379	1
566	1379	1
739	1379	1
1586	1379	1
1627	1380	1
2038	1380	1
1329	1380	1
1165	1380	1
2152	1380	1
1585	1380	1
1548	1381	1
428	1381	1
143	1381	1
228	1381	1
1284	1381	1
1549	1382	1
77	1382	1
1550	1383	1
340	1383	1
1603	1383	1
85	1384	1
1239	1384	1
1551	1384	1
1428	1384	1
158	1384	1
1420	1384	1
1544	1385	1
1325	1385	1
1528	1385	1
567	1386	1
1207	1386	1
1545	1386	1
164	1386	1
1583	1387	1
1087	1387	1
1546	1387	1
1910	1387	1
566	1388	1
64	1388	1
1547	1388	1
1540	1389	1
639	1389	1
566	1390	1
1119	1390	1
1460	1390	1
1541	1390	1
1379	1390	1
1536	1391	1
1538	1391	1
1729	1392	1
208	1392	1
1537	1392	1
164	1392	1
1725	1393	1
1539	1393	1
1565	1394	1
746	1394	1
612	1394	1
1673	1394	1
688	1394	1
804	1395	1
1564	1395	1
1567	1396	1
454	1396	1
1125	1396	1
1568	1396	1
2659	1397	1
1698	1397	1
1560	1397	1
72	1397	1
741	1397	1
1704	1397	1
1563	1398	1
628	1398	1
632	1398	1
968	1399	1
1562	1399	1
1557	1400	1
1535	1400	1
1538	1400	1
1551	1401	1
559	1401	1
1556	1401	1
1559	1402	1
1137	1402	1
164	1402	1
651	1403	1
1650	1403	1
692	1403	1
1558	1403	1
1688	1403	1
1553	1404	1
1555	1404	1
1554	1404	1
1213	1404	1
83	1405	1
1555	1405	1
1554	1405	1
1763	1406	1
572	1406	1
2496	1406	1
1761	1407	1
1880	1407	1
428	1407	1
1760	1408	1
2699	1408	1
2698	1408	1
478	1409	1
1767	1409	1
428	1409	1
1811	1409	1
1766	1410	1
1771	1410	1
1765	1411	1
1771	1411	1
746	1412	1
408	1412	1
2612	1412	1
612	1412	1
1764	1412	1
640	1412	1
1697	1413	1
2331	1413	1
1770	1413	1
991	1414	1
1969	1414	1
2620	1414	1
1892	1414	1
1775	1414	1
2352	1415	1
2308	1415	1
1773	1415	1
1776	1416	1
1697	1416	1
1772	1416	1
1778	1417	1
1803	1417	1
1779	1418	1
732	1418	1
2025	1418	1
1729	1419	1
1776	1419	1
1796	1419	1
1794	1419	1
164	1419	1
137	1420	1
1596	1420	1
1777	1420	1
2544	1420	1
567	1421	1
566	1421	1
1783	1421	1
296	1421	1
2329	1421	1
135	1421	1
2565	1422	1
1786	1422	1
1787	1423	1
2208	1423	1
49	1424	1
1784	1424	1
2349	1424	1
1185	1425	1
381	1425	1
1785	1425	1
164	1425	1
566	1426	1
23	1426	1
524	1426	1
416	1426	1
2335	1426	1
1791	1426	1
2677	1427	1
2500	1427	1
360	1427	1
1788	1427	1
1796	1428	1
2179	1428	1
2182	1428	1
1789	1428	1
1729	1429	1
164	1429	1
566	1430	1
1728	1430	1
739	1430	1
1731	1431	1
1035	1431	1
1534	1431	1
1017	1432	1
1730	1432	1
164	1432	1
1733	1433	1
612	1433	1
1645	1433	1
2424	1433	1
1732	1434	1
889	1434	1
1716	1435	1
1250	1435	1
1593	1435	1
1735	1435	1
794	1435	1
164	1435	1
905	1436	1
1734	1436	1
42	1436	1
1737	1437	1
1738	1437	1
1179	1437	1
1003	1438	1
984	1438	1
1627	1438	1
1736	1438	1
220	1439	1
1739	1439	1
1690	1439	1
539	1439	1
381	1440	1
416	1440	1
1179	1440	1
1738	1440	1
1306	1441	1
1741	1441	1
1137	1441	1
849	1442	1
1740	1442	1
642	1442	1
2457	1443	1
1743	1443	1
566	1444	1
739	1444	1
1842	1444	1
1742	1444	1
1744	1445	1
2193	1445	1
1745	1446	1
2042	1446	1
1746	1447	1
2642	1447	1
2176	1447	1
2560	1448	1
1748	1448	1
1325	1448	1
1327	1448	1
1528	1448	1
420	1448	1
1749	1449	1
457	1449	1
2183	1449	1
2165	1450	1
1750	1450	1
1751	1451	1
2107	1451	1
1753	1452	1
2707	1452	1
2269	1453	1
1754	1453	1
1870	1454	1
1868	1454	1
1755	1454	1
612	1455	1
2433	1455	1
1756	1455	1
2614	1456	1
746	1456	1
169	1456	1
1664	1456	1
2604	1456	1
1757	1456	1
1269	1457	1
2222	1457	1
2342	1457	1
1758	1457	1
2413	1458	1
1759	1458	1
34	1459	1
1702	1459	1
833	1459	1
37	1459	1
1592	1459	1
746	1460	1
1701	1460	1
688	1460	1
2657	1461	1
1700	1461	1
1216	1461	1
2598	1462	1
687	1462	1
1627	1462	1
1699	1462	1
431	1462	1
67	1462	1
1115	1463	1
1697	1463	1
164	1463	1
1355	1464	1
1696	1464	1
577	1465	1
1657	1465	1
1711	1465	1
1521	1466	1
1710	1466	1
840	1466	1
571	1466	1
60	1466	1
1709	1467	1
1334	1467	1
1216	1468	1
1708	1468	1
825	1468	1
826	1468	1
1707	1469	1
1636	1469	1
460	1470	1
2357	1470	1
1365	1470	1
1706	1470	1
1470	1470	1
746	1471	1
688	1471	1
1705	1471	1
1698	1472	1
741	1472	1
1704	1472	1
1718	1473	1
942	1473	1
1442	1473	1
1381	1473	1
164	1473	1
1719	1474	1
1080	1474	1
158	1474	1
1716	1475	1
794	1475	1
164	1475	1
1717	1476	1
1714	1476	1
2154	1476	1
2003	1477	1
1717	1477	1
1714	1477	1
42	1477	1
1582	1478	1
1712	1478	1
1516	1478	1
1291	1479	1
1713	1479	1
454	1479	1
1026	1479	1
570	1479	1
1266	1480	1
1726	1480	1
1685	1481	1
1680	1481	1
1727	1481	1
315	1481	1
1570	1481	1
1183	1481	1
1080	1482	1
1725	1482	1
1570	1483	1
1722	1483	1
100	1484	1
1724	1484	1
1723	1484	1
1912	1485	1
2176	1485	1
2262	1485	1
1258	1485	1
1720	1485	1
850	1486	1
1721	1486	1
1669	1487	1
612	1487	1
1489	1487	1
2379	1487	1
1911	1487	1
1668	1488	1
1698	1488	1
741	1488	1
1017	1489	1
1671	1489	1
1219	1489	1
1237	1490	1
1670	1490	1
805	1491	1
1665	1491	1
1560	1491	1
1698	1491	1
741	1491	1
1667	1492	1
720	1492	1
884	1493	1
1666	1493	1
540	1493	1
566	1494	1
1147	1494	1
524	1494	1
1677	1494	1
208	1494	1
75	1494	1
1154	1495	1
1676	1495	1
164	1495	1
1679	1496	1
379	1496	1
1678	1497	1
1121	1497	1
697	1498	1
295	1498	1
1673	1498	1
1513	1499	1
1672	1499	1
345	1499	1
1355	1500	1
1675	1500	1
911	1501	1
1574	1501	1
967	1501	1
966	1501	1
965	1501	1
1674	1501	1
1684	1502	1
1560	1502	1
1698	1502	1
1199	1502	1
741	1502	1
1685	1503	1
315	1503	1
1648	1503	1
1570	1503	1
1183	1503	1
1637	1503	1
1686	1504	1
1070	1504	1
164	1504	1
1687	1505	1
838	1505	1
2283	1505	1
2427	1505	1
1680	1506	1
628	1506	1
1570	1506	1
1355	1507	1
1681	1507	1
1675	1507	1
1682	1508	1
1683	1508	1
1682	1509	1
1683	1509	1
1692	1510	1
794	1510	1
423	1510	1
164	1510	1
71	1511	1
1693	1511	1
229	1511	1
1485	1511	1
1456	1512	1
1695	1512	1
794	1512	1
1460	1513	1
524	1513	1
1650	1513	1
899	1513	1
1688	1513	1
1179	1514	1
1689	1514	1
220	1515	1
539	1515	1
1690	1515	1
164	1515	1
1737	1516	1
1179	1516	1
996	1516	1
1691	1516	1
1915	1517	1
428	1517	1
2177	1517	1
1804	1518	1
1914	1518	1
1291	1519	1
1919	1519	1
2330	1519	1
1918	1520	1
1797	1520	1
2335	1520	1
2557	1521	1
1905	1521	1
644	1521	1
2613	1522	1
1904	1522	1
1835	1523	1
56	1523	1
1906	1523	1
164	1523	1
2302	1524	1
1801	1524	1
1908	1524	1
1996	1524	1
2662	1525	1
1911	1525	1
1896	1526	1
103	1526	1
639	1526	1
1894	1526	1
1897	1527	1
2394	1527	1
497	1527	1
1898	1528	1
733	1528	1
1004	1528	1
26	1528	1
641	1528	1
1269	1529	1
1899	1529	1
2109	1529	1
1900	1530	1
2293	1530	1
328	1530	1
2493	1531	1
1901	1531	1
2302	1532	1
1902	1532	1
1801	1532	1
1887	1533	1
1886	1533	1
1885	1533	1
1903	1533	1
1903	1534	1
1888	1534	1
508	1535	1
110	1535	1
2428	1535	1
1889	1535	1
731	1536	1
563	1536	1
2649	1536	1
1890	1536	1
2587	1536	1
2040	1537	1
1891	1537	1
1061	1537	1
164	1537	1
207	1538	1
201	1538	1
412	1538	1
59	1538	1
1892	1538	1
103	1539	1
1909	1539	1
1894	1539	1
1883	1540	1
1990	1540	1
1882	1541	1
2450	1541	1
2451	1541	1
345	1541	1
2303	1542	1
1881	1542	1
746	1543	1
1887	1543	1
1886	1543	1
1885	1543	1
1886	1544	1
1885	1544	1
1884	1545	1
2178	1545	1
1697	1546	1
1873	1546	1
1258	1546	1
1772	1546	1
164	1546	1
2500	1547	1
1872	1547	1
360	1547	1
2625	1548	1
1879	1548	1
252	1549	1
579	1549	1
2216	1549	1
415	1549	1
718	1549	1
1878	1549	1
2635	1550	1
1877	1550	1
408	1551	1
2554	1551	1
1892	1551	1
1876	1551	1
1866	1552	1
2108	1552	1
1864	1553	1
1596	1553	1
1645	1553	1
1965	1553	1
1863	1553	1
1865	1554	1
2277	1554	1
1714	1555	1
1871	1555	1
2363	1555	1
1719	1556	1
1868	1556	1
2422	1557	1
1869	1557	1
2541	1558	1
2021	1558	1
1858	1558	1
126	1558	1
161	1558	1
1859	1559	1
2482	1559	1
2529	1559	1
2300	1560	1
1855	1560	1
1865	1560	1
76	1560	1
1856	1560	1
2076	1560	1
2422	1561	1
1857	1561	1
1854	1562	1
1862	1562	1
1596	1563	1
2676	1563	1
1645	1563	1
1965	1563	1
1863	1563	1
566	1564	1
472	1564	1
622	1564	1
555	1564	1
1860	1564	1
2659	1565	1
2429	1565	1
2431	1565	1
1861	1565	1
1853	1566	1
100	1566	1
2593	1566	1
1897	1567	1
1852	1567	1
504	1567	1
2300	1568	1
1855	1568	1
1865	1568	1
76	1568	1
1856	1568	1
1851	1569	1
164	1569	1
1848	1570	1
2538	1570	1
1847	1570	1
1928	1570	1
69	1571	1
1845	1571	1
1846	1571	1
1269	1572	1
2342	1572	1
1758	1572	1
1843	1572	1
1836	1573	1
2012	1573	1
2183	1573	1
1837	1574	1
1832	1574	1
1833	1574	1
416	1574	1
2335	1574	1
2133	1575	1
1838	1575	1
383	1575	1
1839	1576	1
720	1576	1
2381	1576	1
486	1576	1
1909	1576	1
1832	1577	1
164	1577	1
1837	1578	1
1832	1578	1
1833	1578	1
416	1578	1
56	1578	1
2335	1578	1
2368	1579	1
1834	1579	1
575	1580	1
1828	1580	1
300	1580	1
2019	1581	1
1829	1581	1
2015	1581	1
568	1581	1
2422	1582	1
1830	1582	1
2467	1583	1
1831	1583	1
2586	1583	1
103	1584	1
1596	1584	1
2007	1584	1
2676	1584	1
1825	1584	1
69	1585	1
979	1585	1
1967	1585	1
122	1585	1
980	1585	1
1826	1585	1
2631	1586	1
690	1586	1
1827	1586	1
1823	1587	1
1657	1587	1
2663	1587	1
1820	1588	1
1782	1588	1
567	1589	1
1817	1589	1
560	1589	1
1935	1589	1
559	1589	1
2486	1589	1
254	1590	1
490	1590	1
1816	1590	1
835	1591	1
577	1591	1
1802	1591	1
1068	1591	1
1815	1591	1
571	1591	1
1819	1592	1
504	1592	1
1814	1592	1
2394	1592	1
205	1593	1
428	1593	1
1812	1593	1
2411	1593	1
2072	1594	1
1810	1594	1
2586	1594	1
2211	1595	1
639	1595	1
1809	1595	1
2491	1596	1
164	1596	1
1808	1596	1
1807	1597	1
2571	1597	1
85	1598	1
100	1598	1
1804	1598	1
1806	1599	1
1805	1599	1
1822	1600	1
577	1600	1
1802	1600	1
1068	1600	1
728	1601	1
1425	1601	1
2206	1601	1
1800	1601	1
164	1601	1
1801	1602	1
1995	1602	1
1996	1602	1
2201	1603	1
1410	1603	1
1222	1603	1
1798	1603	1
2179	1604	1
1796	1604	1
1794	1604	1
1795	1604	1
2182	1604	1
2179	1605	1
1794	1605	1
2182	1605	1
683	1606	1
1560	1606	1
1860	1606	1
1792	1606	1
2068	1607	1
431	1607	1
583	1607	1
164	1607	1
1793	1607	1
2032	1608	1
2172	1608	1
2033	1609	1
345	1609	1
2034	1610	1
431	1610	1
2623	1610	1
2016	1611	1
578	1611	1
2035	1611	1
559	1611	1
454	1611	1
2328	1611	1
2304	1612	1
2036	1612	1
1085	1612	1
859	1612	1
2697	1613	1
2037	1613	1
986	1614	1
2039	1614	1
2693	1614	1
2255	1615	1
2040	1615	1
1891	1615	1
1061	1615	1
164	1615	1
1007	1616	1
575	1616	1
2361	1616	1
2041	1616	1
2429	1617	1
2043	1617	1
379	1617	1
2271	1618	1
2044	1618	1
428	1619	1
2045	1619	1
639	1620	1
2046	1620	1
269	1621	1
2108	1621	1
2047	1621	1
2017	1622	1
1801	1622	1
2016	1623	1
2328	1623	1
2093	1623	1
2019	1624	1
563	1624	1
1829	1624	1
2015	1624	1
2020	1625	1
158	1625	1
2023	1626	1
2220	1626	1
2009	1626	1
2154	1626	1
158	1627	1
2022	1627	1
2429	1627	1
2024	1628	1
2136	1628	1
577	1629	1
1923	1629	1
2553	1629	1
2027	1629	1
571	1629	1
2026	1630	1
2154	1630	1
309	1631	1
1004	1631	1
2029	1631	1
2654	1631	1
566	1632	1
466	1632	1
2028	1632	1
637	1632	1
2410	1632	1
2132	1633	1
2129	1633	1
2131	1633	1
2031	1633	1
1953	1634	1
1819	1634	1
504	1634	1
2394	1634	1
2030	1634	1
834	1635	1
2002	1635	1
1797	1635	1
2511	1636	1
2003	1636	1
1714	1636	1
2154	1636	1
2000	1637	1
428	1637	1
2004	1637	1
2116	1638	1
2001	1638	1
468	1638	1
2000	1639	1
2004	1639	1
2005	1640	1
2361	1640	1
2041	1640	1
673	1640	1
2011	1641	1
2448	1641	1
69	1642	1
1780	1642	1
1781	1642	1
2008	1642	1
2023	1643	1
2220	1643	1
2009	1643	1
2154	1643	1
2014	1644	1
75	1644	1
563	1645	1
2015	1645	1
103	1646	1
2136	1646	1
379	1646	1
2013	1646	1
1987	1647	1
71	1647	1
2339	1647	1
2463	1647	1
1330	1647	1
570	1647	1
1986	1648	1
2066	1648	1
1232	1648	1
996	1648	1
1985	1649	1
2207	1649	1
2380	1649	1
1991	1650	1
122	1650	1
2402	1651	1
1989	1651	1
2608	1652	1
1988	1652	1
343	1653	1
730	1653	1
277	1653	1
1994	1653	1
1714	1654	1
1993	1654	1
2154	1654	1
2511	1655	1
1717	1655	1
1714	1655	1
1992	1655	1
1874	1656	1
1999	1656	1
1998	1657	1
1997	1657	1
1801	1658	1
1995	1658	1
1996	1658	1
1972	1659	1
1697	1659	1
996	1659	1
2212	1659	1
164	1659	1
1973	1660	1
2621	1660	1
1974	1661	1
248	1661	1
130	1661	1
2452	1661	1
668	1662	1
1975	1662	1
37	1662	1
2228	1662	1
1968	1663	1
2347	1663	1
1971	1664	1
2487	1664	1
69	1665	1
1845	1665	1
1980	1665	1
1846	1665	1
1916	1666	1
1982	1666	1
1717	1667	1
1714	1667	1
42	1667	1
1983	1667	1
2154	1667	1
566	1668	1
2656	1668	1
428	1668	1
1976	1668	1
1855	1669	1
1977	1669	1
2511	1670	1
2220	1670	1
2154	1670	1
2319	1670	1
1978	1670	1
2511	1671	1
1714	1671	1
1979	1671	1
1957	1672	1
736	1672	1
2650	1672	1
2528	1672	1
2150	1673	1
1956	1673	1
2191	1673	1
2195	1673	1
1959	1674	1
2221	1674	1
2227	1674	1
566	1675	1
1958	1675	1
2537	1675	1
504	1676	1
1953	1676	1
2394	1676	1
2304	1677	1
1952	1677	1
1954	1678	1
2108	1678	1
103	1679	1
1596	1679	1
2676	1679	1
1645	1679	1
1965	1679	1
1863	1679	1
1964	1680	1
287	1680	1
379	1680	1
713	1681	1
2090	1681	1
1966	1681	1
758	1681	1
2260	1682	1
178	1682	1
1960	1682	1
121	1682	1
2510	1683	1
1828	1683	1
575	1683	1
1963	1683	1
2528	1684	1
1962	1684	1
1943	1685	1
2574	1685	1
1940	1686	1
2308	1686	1
1941	1687	1
2221	1687	1
2176	1687	1
861	1687	1
1065	1688	1
624	1688	1
1938	1688	1
2294	1688	1
108	1688	1
390	1688	1
1766	1689	1
1939	1689	1
1765	1689	1
1771	1689	1
612	1690	1
1936	1690	1
2500	1690	1
1950	1691	1
1961	1691	1
2221	1692	1
2227	1692	1
1951	1692	1
1747	1693	1
1949	1693	1
343	1694	1
730	1694	1
1994	1694	1
1946	1694	1
1697	1695	1
1937	1695	1
1944	1695	1
164	1695	1
1260	1696	1
2092	1696	1
1945	1696	1
1942	1697	1
1927	1697	1
1926	1698	1
2134	1698	1
2207	1698	1
2393	1698	1
1925	1699	1
2041	1699	1
2328	1699	1
346	1699	1
1924	1700	1
2115	1700	1
72	1700	1
1929	1700	1
2228	1700	1
577	1701	1
1923	1701	1
571	1701	1
1409	1702	1
1922	1702	1
2403	1702	1
524	1702	1
1932	1702	1
1921	1703	1
1875	1703	1
1920	1704	1
1008	1704	1
639	1704	1
2427	1704	1
424	1705	1
1935	1705	1
2464	1705	1
559	1705	1
77	1705	1
749	1706	1
2661	1706	1
1934	1706	1
1913	1707	1
746	1707	1
577	1707	1
19	1707	1
2025	1707	1
1933	1707	1
2625	1708	1
524	1708	1
1932	1708	1
1931	1709	1
2513	1709	1
668	1710	1
2125	1710	1
1929	1710	1
75	1710	1
2571	1710	1
1848	1711	1
2538	1711	1
1847	1711	1
1928	1711	1
2200	1712	1
1185	1712	1
2134	1712	1
1785	1712	1
2201	1713	1
1970	1713	1
164	1713	1
2234	1714	1
2202	1714	1
2203	1715	1
1981	1715	1
164	1715	1
2406	1716	1
882	1716	1
2204	1716	1
1412	1716	1
2398	1716	1
2205	1717	1
2174	1717	1
847	1717	1
637	1717	1
164	1717	1
1912	1718	1
2134	1718	1
2207	1718	1
2176	1718	1
2380	1718	1
2262	1718	1
2192	1719	1
2276	1719	1
2166	1720	1
2194	1720	1
130	1720	1
539	1720	1
1964	1721	1
287	1721	1
2196	1721	1
379	1721	1
2268	1722	1
939	1722	1
381	1722	1
2197	1722	1
164	1722	1
431	1723	1
2343	1723	1
2198	1723	1
1561	1724	1
2696	1724	1
2538	1724	1
2199	1724	1
2185	1725	1
2399	1725	1
2306	1726	1
2151	1726	1
2184	1726	1
1955	1726	1
2180	1726	1
2322	1727	1
2187	1727	1
2150	1728	1
2189	1728	1
2191	1728	1
2190	1728	1
2195	1728	1
2191	1729	1
2190	1729	1
2195	1729	1
2191	1730	1
2190	1730	1
2195	1730	1
1697	1731	1
2176	1731	1
2362	1731	1
1258	1731	1
164	1731	1
2083	1732	1
1796	1732	1
2179	1732	1
1794	1732	1
1795	1732	1
2182	1732	1
2178	1733	1
164	1733	1
592	1734	1
1898	1734	1
1004	1734	1
2012	1734	1
2183	1734	1
2234	1735	1
704	1735	1
637	1735	1
137	1736	1
2232	1736	1
2636	1736	1
2233	1737	1
412	1737	1
2059	1737	1
164	1737	1
2237	1738	1
2263	1738	1
1609	1739	1
257	1739	1
1733	1739	1
2226	1739	1
2424	1739	1
2221	1740	1
2227	1740	1
2224	1741	1
2215	1741	1
520	1741	1
1828	1742	1
2225	1742	1
1429	1743	1
2664	1743	1
2230	1743	1
345	1743	1
2096	1744	1
609	1744	1
158	1744	1
612	1744	1
2231	1744	1
668	1745	1
2228	1745	1
128	1746	1
2229	1746	1
2219	1747	1
2338	1747	1
2050	1747	1
2022	1747	1
2218	1748	1
2283	1748	1
1008	1748	1
2217	1749	1
2362	1749	1
2216	1750	1
552	1750	1
2223	1751	1
1955	1751	1
567	1752	1
2405	1752	1
1460	1752	1
2222	1752	1
1528	1752	1
1410	1753	1
2221	1753	1
130	1753	1
2220	1754	1
2154	1754	1
2210	1755	1
2690	1755	1
1762	1756	1
2235	1756	1
2236	1756	1
127	1756	1
2209	1756	1
421	1757	1
2215	1757	1
2540	1758	1
2254	1758	1
2127	1758	1
1260	1758	1
2291	1758	1
2214	1758	1
2122	1759	1
2213	1759	1
2269	1760	1
2276	1760	1
668	1761	1
2271	1761	1
2264	1762	1
2248	1762	1
2266	1763	1
164	1763	1
2422	1764	1
2267	1764	1
346	1764	1
75	1764	1
2260	1765	1
2176	1765	1
2262	1765	1
1258	1765	1
164	1765	1
612	1766	1
2261	1766	1
2237	1767	1
2263	1767	1
428	1768	1
2413	1768	1
2256	1768	1
2598	1769	1
2257	1769	1
23	1770	1
2445	1770	1
248	1770	1
1769	1770	1
1768	1770	1
2258	1770	1
428	1771	1
1888	1771	1
2259	1771	1
2253	1772	1
2221	1772	1
2252	1773	1
146	1773	1
164	1773	1
2249	1774	1
146	1774	1
164	1774	1
1941	1775	1
1697	1775	1
2251	1775	1
2176	1775	1
2250	1776	1
2176	1776	1
2245	1777	1
2244	1777	1
2357	1778	1
2247	1778	1
2472	1779	1
2244	1779	1
2246	1779	1
88	1779	1
2467	1780	1
2241	1780	1
1367	1781	1
2240	1781	1
2662	1782	1
1911	1782	1
2243	1782	1
1995	1783	1
2242	1783	1
1855	1784	1
2300	1784	1
76	1784	1
1338	1785	1
2301	1785	1
2637	1785	1
480	1785	1
2305	1786	1
2298	1786	1
2299	1787	1
164	1787	1
882	1788	1
428	1788	1
2296	1788	1
2668	1788	1
164	1788	1
2252	1789	1
2249	1789	1
2297	1789	1
146	1789	1
164	1789	1
650	1790	1
67	1790	1
2295	1790	1
1141	1790	1
2381	1790	1
2530	1790	1
1276	1791	1
586	1791	1
2292	1791	1
379	1791	1
345	1791	1
1112	1792	1
2293	1792	1
1806	1793	1
1805	1793	1
2290	1793	1
2292	1794	1
1276	1794	1
586	1794	1
2291	1794	1
379	1794	1
345	1794	1
561	1795	1
2316	1795	1
2288	1795	1
1760	1796	1
2698	1796	1
2289	1796	1
2287	1797	1
2281	1797	1
146	1797	1
164	1797	1
2285	1798	1
2284	1798	1
1294	1798	1
2279	1798	1
75	1798	1
2283	1799	1
2427	1799	1
1135	1800	1
2282	1800	1
2430	1800	1
2281	1801	1
146	1801	1
164	1801	1
2580	1802	1
1807	1802	1
2280	1802	1
2253	1803	1
2625	1803	1
2270	1803	1
1278	1803	1
2278	1803	1
1932	1803	1
487	1804	1
2277	1804	1
31	1804	1
2269	1805	1
2276	1805	1
1121	1805	1
2238	1806	1
2275	1806	1
164	1806	1
2361	1807	1
2274	1807	1
1867	1808	1
1177	1808	1
2273	1808	1
2253	1809	1
2239	1809	1
2251	1809	1
2250	1809	1
2260	1809	1
2272	1809	1
1778	1810	1
2065	1810	1
1803	1810	1
2064	1811	1
2495	1811	1
986	1812	1
2675	1812	1
2067	1812	1
160	1812	1
356	1813	1
2069	1813	1
2229	1813	1
261	1814	1
2070	1814	1
668	1815	1
37	1815	1
2073	1815	1
2228	1815	1
2608	1816	1
2075	1816	1
1648	1816	1
2616	1816	1
1637	1816	1
1819	1817	1
2074	1817	1
773	1818	1
2560	1818	1
1325	1818	1
1528	1818	1
2077	1818	1
2475	1819	1
1984	1819	1
2407	1819	1
1460	1819	1
296	1819	1
2079	1819	1
745	1820	1
744	1820	1
2031	1820	1
164	1820	1
2078	1820	1
2049	1821	1
1855	1821	1
2051	1822	1
612	1822	1
2379	1822	1
2052	1823	1
1970	1823	1
2053	1824	1
1484	1824	1
489	1825	1
2054	1825	1
2055	1825	1
110	1825	1
2686	1825	1
2691	1825	1
2055	1826	1
110	1826	1
641	1826	1
2216	1827	1
2058	1827	1
454	1828	1
2060	1828	1
2652	1828	1
858	1829	1
1484	1829	1
2061	1829	1
2067	1830	1
2053	1830	1
2061	1830	1
2062	1830	1
2063	1830	1
2099	1831	1
454	1831	1
2098	1832	1
1995	1832	1
1996	1832	1
2097	1833	1
2143	1833	1
2096	1834	1
158	1834	1
2057	1834	1
190	1835	1
2103	1835	1
145	1835	1
2101	1836	1
2528	1836	1
1962	1836	1
2099	1837	1
457	1837	1
2100	1837	1
454	1837	1
570	1837	1
2107	1838	1
736	1838	1
2650	1838	1
2622	1839	1
2106	1839	1
2303	1840	1
2105	1840	1
404	1840	1
416	1841	1
2104	1841	1
2335	1841	1
1828	1842	1
300	1842	1
2111	1842	1
2186	1843	1
2110	1843	1
1173	1844	1
2109	1844	1
2082	1845	1
1911	1845	1
2083	1846	1
1776	1846	1
1796	1846	1
1794	1846	1
2080	1847	1
1429	1847	1
1291	1848	1
2081	1848	1
2330	1848	1
2086	1849	1
2229	1849	1
2066	1850	1
1232	1850	1
2087	1850	1
2084	1851	1
1828	1851	1
300	1851	1
2512	1851	1
2091	1852	1
2531	1852	1
1912	1853	1
2176	1853	1
2262	1853	1
2088	1853	1
1258	1853	1
2089	1854	1
1528	1854	1
1991	1855	1
2094	1855	1
284	1855	1
2165	1856	1
2095	1856	1
1540	1857	1
2439	1857	1
2092	1857	1
454	1858	1
2093	1858	1
2133	1859	1
383	1859	1
2132	1860	1
1893	1860	1
2339	1861	1
2128	1861	1
1330	1861	1
624	1862	1
1899	1862	1
1269	1862	1
2141	1862	1
2293	1862	1
2109	1862	1
2221	1863	1
2227	1863	1
2140	1863	1
996	1863	1
2419	1864	1
2142	1864	1
2512	1864	1
2149	1865	1
2137	1865	1
2286	1866	1
1719	1866	1
2139	1866	1
2509	1867	1
431	1867	1
432	1867	1
2138	1867	1
2117	1868	1
1776	1868	1
164	1868	1
566	1869	1
2119	1869	1
2048	1870	1
2303	1870	1
2112	1870	1
2114	1871	1
2587	1871	1
2115	1872	1
2125	1872	1
1929	1872	1
650	1873	1
2124	1873	1
2125	1874	1
75	1874	1
2117	1875	1
2126	1875	1
427	1876	1
2127	1876	1
2427	1876	1
1799	1877	1
2121	1877	1
1855	1878	1
1865	1878	1
67	1878	1
76	1878	1
1856	1878	1
2123	1878	1
2167	1879	1
773	1879	1
261	1879	1
1528	1879	1
746	1880	1
2166	1880	1
130	1880	1
539	1880	1
2164	1881	1
1850	1881	1
746	1882	1
2163	1882	1
2600	1882	1
2587	1882	1
2162	1883	1
1327	1883	1
2168	1883	1
1748	1884	1
2161	1884	1
2435	1884	1
2082	1885	1
2662	1885	1
2160	1885	1
1911	1885	1
765	1886	1
1574	1886	1
2175	1886	1
2688	1886	1
637	1886	1
2205	1887	1
2174	1887	1
847	1887	1
637	1887	1
164	1887	1
137	1888	1
2693	1888	1
2173	1888	1
160	1888	1
2033	1889	1
2172	1889	1
639	1889	1
345	1889	1
2238	1890	1
2171	1890	1
1291	1891	1
2170	1891	1
1364	1892	1
2169	1892	1
2351	1892	1
2167	1893	1
773	1893	1
2089	1893	1
2168	1893	1
2150	1894	1
2191	1894	1
2195	1894	1
2306	1895	1
2151	1895	1
2223	1895	1
1955	1895	1
2180	1895	1
2148	1896	1
2020	1896	1
2500	1896	1
2499	1896	1
2149	1897	1
2137	1897	1
2146	1898	1
2409	1898	1
1898	1899	1
1005	1899	1
1004	1899	1
2147	1899	1
639	1899	1
2183	1899	1
2144	1900	1
2182	1900	1
1327	1901	1
2145	1901	1
1895	1901	1
289	1902	1
67	1902	1
2158	1902	1
2450	1903	1
2159	1903	1
1499	1903	1
592	1904	1
2156	1904	1
2468	1904	1
2099	1905	1
454	1905	1
2157	1905	1
1714	1906	1
2154	1906	1
2120	1907	1
2155	1907	1
2038	1908	1
2343	1908	1
1110	1908	1
2152	1908	1
2430	1909	1
2153	1909	1
2443	1910	1
566	1910	1
2119	1910	1
524	1910	1
72	1910	1
930	1910	1
2442	1911	1
67	1911	1
345	1911	1
2586	1911	1
2441	1912	1
2544	1912	1
408	1913	1
2440	1913	1
1876	1913	1
2447	1914	1
248	1914	1
130	1914	1
2452	1914	1
2269	1915	1
2446	1915	1
2276	1915	1
2339	1916	1
1340	1916	1
2444	1916	1
2344	1916	1
1748	1917	1
2070	1917	1
1327	1917	1
2435	1917	1
2434	1918	1
2438	1918	1
427	1919	1
1920	1919	1
2432	1919	1
2427	1919	1
93	1920	1
2439	1920	1
746	1921	1
428	1921	1
2438	1921	1
2650	1922	1
2437	1922	1
2237	1923	1
2263	1923	1
2436	1923	1
2458	1924	1
1981	1924	1
691	1924	1
2459	1925	1
2507	1925	1
2367	1925	1
2243	1925	1
2456	1926	1
457	1926	1
454	1926	1
49	1927	1
2457	1927	1
42	1927	1
1030	1927	1
2385	1928	1
2461	1928	1
2450	1929	1
2451	1929	1
1499	1929	1
2448	1930	1
379	1930	1
2527	1931	1
428	1931	1
2449	1931	1
428	1932	1
2667	1932	1
2454	1932	1
882	1933	1
2130	1933	1
1059	1933	1
2455	1933	1
130	1934	1
2452	1934	1
164	1934	1
2473	1935	1
566	1935	1
2475	1936	1
63	1936	1
2474	1937	1
2552	1937	1
552	1937	1
2473	1938	1
2477	1938	1
295	1938	1
592	1939	1
2476	1939	1
575	1939	1
2247	1939	1
1364	1939	1
641	1939	1
2221	1940	1
2479	1940	1
2227	1940	1
2679	1941	1
2478	1941	1
1818	1942	1
2465	1942	1
559	1943	1
2464	1943	1
229	1944	1
2058	1944	1
2466	1944	1
639	1944	1
2469	1945	1
2468	1945	1
2102	1946	1
2471	1946	1
1790	1947	1
2470	1947	1
137	1948	1
2488	1948	1
53	1948	1
431	1948	1
1824	1948	1
2489	1949	1
1911	1949	1
2372	1950	1
2490	1950	1
2373	1950	1
644	1950	1
1127	1950	1
2492	1951	1
1982	1951	1
578	1952	1
2462	1952	1
2493	1952	1
2494	1953	1
1429	1953	1
2427	1953	1
2320	1954	1
2129	1954	1
2480	1954	1
567	1955	1
566	1955	1
524	1955	1
2481	1955	1
1855	1956	1
2124	1956	1
1856	1956	1
2483	1956	1
1849	1957	1
1005	1957	1
1004	1957	1
2484	1957	1
2615	1958	1
987	1958	1
1645	1958	1
2485	1958	1
2617	1958	1
576	1959	1
567	1959	1
566	1959	1
174	1959	1
2481	1959	1
2486	1959	1
2587	1960	1
2487	1960	1
2511	1961	1
1714	1961	1
2363	1961	1
2374	1962	1
2375	1962	1
372	1962	1
2508	1962	1
2240	1962	1
2662	1963	1
2507	1963	1
2367	1963	1
1911	1963	1
2506	1964	1
612	1964	1
2500	1964	1
360	1964	1
1664	1965	1
2505	1965	1
1537	1965	1
2668	1965	1
718	1966	1
2606	1966	1
2503	1966	1
612	1967	1
2261	1967	1
2502	1967	1
2501	1968	1
2500	1968	1
2499	1968	1
2500	1969	1
360	1969	1
2323	1970	1
2501	1970	1
2500	1970	1
360	1970	1
2499	1970	1
1916	1971	1
2498	1971	1
2497	1972	1
2108	1972	1
59	1973	1
572	1973	1
2496	1973	1
2526	1974	1
2089	1974	1
1528	1974	1
2524	1975	1
2685	1975	1
2167	1976	1
2525	1976	1
261	1976	1
2089	1976	1
1528	1976	1
1895	1976	1
2165	1977	1
2522	1977	1
146	1977	1
2530	1977	1
164	1977	1
2523	1978	1
2276	1978	1
2265	1979	1
2520	1979	1
67	1980	1
2521	1980	1
2518	1981	1
2534	1981	1
2299	1982	1
2519	1982	1
164	1982	1
2000	1983	1
2004	1983	1
2516	1983	1
2517	1984	1
1947	1984	1
2375	1985	1
311	1985	1
1367	1985	1
2514	1985	1
2240	1985	1
75	1985	1
1839	1986	1
2559	1986	1
2381	1986	1
486	1986	1
1909	1986	1
2515	1986	1
2541	1987	1
158	1987	1
612	1987	1
161	1987	1
2540	1988	1
1323	1988	1
1429	1988	1
2543	1989	1
2237	1989	1
2263	1989	1
687	1990	1
2674	1990	1
2542	1990	1
639	1990	1
1669	1991	1
2536	1991	1
2177	1991	1
519	1992	1
767	1992	1
2418	1992	1
2533	1992	1
77	1992	1
2567	1993	1
2532	1993	1
2010	1994	1
2535	1994	1
736	1995	1
2528	1995	1
687	1996	1
2558	1996	1
431	1996	1
1948	1996	1
164	1996	1
2552	1997	1
524	1997	1
577	1998	1
2553	1998	1
1851	1999	1
2555	1999	1
164	1999	1
2493	2000	1
2548	2000	1
508	2001	1
2428	2001	1
2549	2001	1
2392	2001	1
2550	2002	1
520	2002	1
194	2002	1
2551	2003	1
2046	2003	1
137	2004	1
160	2004	1
2544	2004	1
2083	2005	1
1796	2005	1
2179	2005	1
1795	2005	1
1774	2005	1
2546	2005	1
343	2006	1
277	2006	1
1994	2006	1
2547	2006	1
2307	2007	1
2050	2007	1
428	2007	1
2310	2008	1
1970	2008	1
539	2008	1
2311	2009	1
2608	2009	1
67	2009	1
2584	2009	1
319	2009	1
1940	2010	1
2308	2010	1
2309	2011	1
2653	2011	1
241	2011	1
2314	2012	1
2209	2012	1
2188	2013	1
2315	2013	1
2286	2014	1
162	2014	1
2312	2014	1
2449	2014	1
1083	2015	1
1260	2015	1
2313	2015	1
522	2015	1
2430	2016	1
2318	2016	1
2154	2017	1
2319	2017	1
110	2018	1
2316	2018	1
745	2019	1
744	2019	1
2660	2019	1
2031	2019	1
164	2019	1
2317	2019	1
2323	2020	1
2501	2020	1
2500	2020	1
360	2020	1
2499	2020	1
2322	2021	1
2187	2021	1
2188	2021	1
2321	2022	1
1854	2022	1
2512	2022	1
2132	2023	1
2320	2023	1
228	2023	1
746	2024	1
2326	2024	1
2539	2024	1
612	2024	1
2327	2025	1
2325	2025	1
1162	2025	1
493	2026	1
2420	2026	1
789	2026	1
1269	2026	1
2324	2026	1
2599	2027	1
1697	2027	1
2331	2027	1
1632	2027	1
2605	2027	1
1291	2028	1
2330	2028	1
673	2028	1
2016	2029	1
1925	2029	1
77	2029	1
2328	2029	1
103	2030	1
2136	2030	1
2584	2030	1
2334	2030	1
319	2030	1
1118	2031	1
2335	2031	1
2333	2031	1
2695	2032	1
572	2032	1
2332	2032	1
2336	2033	1
2379	2033	1
75	2033	1
2580	2034	1
746	2034	1
2337	2034	1
2340	2035	1
2127	2035	1
676	2035	1
345	2035	1
2341	2036	1
1936	2036	1
612	2036	1
1173	2037	1
2342	2037	1
1338	2038	1
431	2038	1
2344	2038	1
1619	2038	1
209	2038	1
2708	2039	1
2345	2039	1
2006	2040	1
2419	2040	1
2346	2040	1
2512	2040	1
1596	2041	1
2347	2041	1
1302	2041	1
2255	2042	1
1304	2042	1
2266	2042	1
2348	2042	1
1930	2043	1
2350	2043	1
1005	2044	1
2351	2044	1
2353	2045	1
612	2045	1
2056	2045	1
2456	2046	1
2355	2046	1
2361	2046	1
454	2046	1
556	2046	1
2354	2047	1
416	2047	1
2335	2047	1
1880	2048	1
2356	2048	1
764	2048	1
218	2048	1
2359	2049	1
2504	2049	1
1657	2050	1
2358	2050	1
2500	2050	1
575	2051	1
2361	2051	1
2041	2051	1
673	2051	1
2521	2052	1
67	2052	1
2360	2052	1
2362	2053	1
164	2053	1
1645	2054	1
1813	2054	1
863	2054	1
2365	2054	1
2166	2055	1
1970	2055	1
130	2055	1
2364	2055	1
1720	2055	1
164	2055	1
2082	2056	1
1911	2056	1
2367	2056	1
2191	2057	1
2190	2057	1
2669	2057	1
2366	2057	1
2374	2058	1
2375	2058	1
917	2058	1
2374	2059	1
2375	2059	1
917	2059	1
2372	2060	1
584	2060	1
427	2061	1
257	2061	1
2370	2061	1
2608	2061	1
2322	2062	1
2371	2062	1
86	2063	1
2369	2063	1
466	2063	1
2382	2064	1
2668	2064	1
688	2064	1
1607	2064	1
2383	2065	1
2014	2065	1
1839	2066	1
2562	2066	1
486	2066	1
2381	2066	1
492	2067	1
469	2067	1
2026	2067	1
2378	2067	1
612	2068	1
2379	2068	1
2662	2069	1
1911	2069	1
2376	2069	1
2423	2070	1
2501	2070	1
2500	2070	1
360	2070	1
2377	2070	1
2391	2071	1
37	2071	1
77	2071	1
2228	2071	1
75	2071	1
2390	2072	1
2422	2072	1
346	2072	1
2389	2073	1
2576	2073	1
428	2073	1
2388	2074	1
2387	2074	1
2386	2075	1
2677	2075	1
612	2075	1
2500	2075	1
1821	2076	1
428	2076	1
2384	2076	1
2373	2077	1
584	2077	1
2399	2077	1
1499	2077	1
2204	2078	1
2398	2078	1
1953	2079	1
504	2079	1
2397	2079	1
1584	2079	1
164	2079	1
2666	2080	1
2396	2080	1
664	2081	1
497	2081	1
2394	2081	1
508	2082	1
2428	2082	1
2392	2082	1
2404	2083	1
650	2083	1
2405	2084	1
1460	2084	1
2406	2085	1
882	2085	1
2398	2085	1
1120	2085	1
137	2086	1
2627	2086	1
2400	2086	1
2399	2086	1
1917	2087	1
2401	2087	1
128	2087	1
125	2087	1
123	2087	1
1922	2088	1
2403	2088	1
1932	2088	1
2412	2089	1
2667	2089	1
428	2090	1
2413	2090	1
2374	2091	1
669	2091	1
1719	2091	1
1367	2091	1
2414	2091	1
2240	2091	1
2374	2092	1
669	2092	1
1719	2092	1
1367	2092	1
2415	2092	1
2240	2092	1
524	2093	1
1976	2093	1
2409	2093	1
478	2094	1
1870	2094	1
1645	2094	1
2544	2094	1
2410	2094	1
205	2095	1
2050	2095	1
2411	2095	1
2421	2096	1
1528	2096	1
2170	2096	1
2423	2097	1
2501	2097	1
2500	2097	1
360	2097	1
116	2098	1
2422	2098	1
1907	2098	1
2507	2099	1
2417	2099	1
2376	2099	1
1911	2099	1
1113	2100	1
2416	2100	1
2531	2100	1
2419	2101	1
2142	2101	1
2512	2101	1
158	2102	1
2418	2102	1
2533	2102	1
2428	2103	1
2395	2103	1
319	2103	1
683	2104	1
295	2104	1
2648	2104	1
2431	2104	1
2430	2105	1
2668	2105	1
1429	2106	1
2590	2106	1
2425	2106	1
1645	2107	1
2424	2107	1
1008	2108	1
639	2108	1
345	2108	1
2427	2108	1
424	2109	1
789	2109	1
2475	2109	1
2342	2109	1
63	2109	1
2426	2109	1
2201	2110	1
1410	2110	1
1222	2110	1
2704	2110	1
2408	2111	1
2705	2111	1
210	2111	1
2217	2112	1
1785	2112	1
1841	2112	1
1840	2112	1
2706	2112	1
2701	2113	1
2699	2113	1
2698	2113	1
2700	2114	1
2154	2114	1
2625	2115	1
2703	2115	1
882	2115	1
2702	2116	1
2264	2116	1
2248	2116	1
2697	2117	1
673	2117	1
2697	2118	1
2696	2118	1
2058	2118	1
2699	2119	1
2698	2119	1
1752	2120	1
2692	2120	1
1763	2121	1
2695	2121	1
572	2121	1
2496	2121	1
2026	2122	1
2694	2122	1
2217	2123	1
1785	2123	1
1841	2123	1
2689	2123	1
1840	2123	1
592	2124	1
2691	2124	1
1976	2125	1
2690	2125	1
2615	2126	1
1645	2126	1
2338	2127	1
2611	2127	1
2080	2128	1
2081	2128	1
2610	2128	1
345	2128	1
2609	2129	1
2550	2129	1
520	2129	1
1969	2130	1
2620	2130	1
1270	2131	1
2510	2131	1
454	2131	1
2619	2131	1
1429	2132	1
1276	2132	1
229	2132	1
2618	2132	1
2092	2132	1
345	2132	1
2615	2133	1
987	2133	1
1645	2133	1
2617	2133	1
2085	2134	1
2616	2134	1
2596	2135	1
2563	2135	1
1316	2135	1
2453	2135	1
2594	2136	1
431	2136	1
2343	2136	1
635	2136	1
2307	2137	1
2595	2137	1
412	2137	1
2254	2138	1
2592	2138	1
2428	2138	1
2127	2138	1
2432	2138	1
100	2139	1
2593	2139	1
987	2140	1
2606	2140	1
2338	2141	1
2612	2141	1
2663	2141	1
528	2141	1
2460	2141	1
2607	2141	1
169	2142	1
2605	2142	1
164	2142	1
2632	2143	1
2602	2143	1
2071	2144	1
2603	2144	1
1410	2145	1
2221	2145	1
524	2145	1
164	2145	1
2601	2145	1
137	2146	1
2581	2146	1
1820	2146	1
53	2146	1
1824	2146	1
463	2147	1
410	2147	1
1719	2147	1
2583	2147	1
412	2147	1
2179	2147	1
2404	2148	1
2582	2148	1
650	2148	1
2679	2149	1
2577	2149	1
2507	2150	1
2576	2150	1
2367	2150	1
1911	2150	1
100	2151	1
2579	2151	1
2680	2151	1
2509	2152	1
1021	2152	1
2368	2152	1
2343	2152	1
2578	2152	1
2181	2152	1
2302	2153	1
2589	2153	1
2588	2154	1
2313	2154	1
2422	2155	1
2591	2155	1
520	2155	1
421	2155	1
389	2155	1
2330	2156	1
2590	2156	1
345	2156	1
103	2157	1
2136	2157	1
2584	2157	1
379	2157	1
220	2158	1
2564	2158	1
2221	2158	1
2397	2158	1
1584	2158	1
164	2158	1
2565	2159	1
1160	2159	1
1559	2159	1
164	2159	1
2566	2160	1
2158	2160	1
2567	2161	1
63	2161	1
2556	2162	1
866	2162	1
252	2162	1
2561	2162	1
1506	2162	1
650	2162	1
2562	2163	1
720	2163	1
2381	2163	1
486	2163	1
1528	2163	1
1909	2163	1
669	2164	1
2563	2164	1
1367	2164	1
614	2165	1
2572	2165	1
1879	2165	1
2497	2165	1
269	2165	1
2108	2165	1
2113	2166	1
2573	2166	1
366	2166	1
428	2167	1
2575	2167	1
2108	2167	1
360	2168	1
2499	2168	1
2568	2168	1
290	2169	1
718	2169	1
613	2169	1
584	2169	1
2545	2169	1
2569	2169	1
1821	2170	1
2570	2170	1
2675	2171	1
160	2171	1
2544	2171	1
2674	2172	1
1225	2172	1
639	2172	1
164	2172	1
566	2173	1
2673	2173	1
466	2173	1
637	2173	1
2410	2173	1
2672	2174	1
1816	2174	1
1583	2175	1
2018	2175	1
2339	2175	1
1340	2175	1
2678	2175	1
1910	2175	1
612	2176	1
2677	2176	1
1596	2177	1
2676	2177	1
49	2178	1
2683	2178	1
2349	2178	1
1858	2179	1
2682	2179	1
161	2179	1
79	2179	1
102	2180	1
2597	2180	1
158	2180	1
2681	2180	1
100	2181	1
2680	2181	1
102	2182	1
2597	2182	1
917	2182	1
2687	2182	1
2054	2183	1
2055	2183	1
2686	2183	1
669	2184	1
428	2184	1
2045	2184	1
688	2184	1
2684	2184	1
2658	2185	1
2424	2185	1
567	2186	1
478	2186	1
2659	2186	1
428	2186	1
2648	2186	1
844	2186	1
2656	2187	1
1976	2187	1
2627	2188	1
2657	2188	1
2660	2189	1
2031	2189	1
164	2189	1
578	2190	1
2661	2190	1
559	2190	1
2666	2191	1
2396	2191	1
1782	2192	1
2664	2192	1
713	2193	1
2103	2193	1
190	2193	1
416	2193	1
2665	2193	1
2597	2194	1
2670	2194	1
254	2195	1
1816	2195	1
490	2195	1
2671	2195	1
2668	2196	1
164	2196	1
2641	2197	1
2071	2197	1
2640	2198	1
2118	2198	1
566	2199	1
2643	2199	1
2369	2199	1
524	2199	1
2642	2200	1
381	2200	1
2135	2201	1
2645	2201	1
2644	2202	1
2647	2202	1
2471	2202	1
2644	2203	1
2647	2203	1
2471	2203	1
1855	2204	1
2646	2204	1
2483	2204	1
205	2205	1
2216	2205	1
2651	2205	1
736	2206	1
2650	2206	1
2653	2207	1
2638	2207	1
1063	2208	1
2652	2208	1
2422	2209	1
2655	2209	1
75	2209	1
457	2210	1
1364	2210	1
673	2210	1
2654	2210	1
2624	2211	1
2114	2211	1
2625	2212	1
2430	2212	1
2318	2212	1
2613	2213	1
2626	2213	1
2627	2214	1
1844	2214	1
2628	2215	1
2424	2215	1
566	2216	1
2629	2216	1
739	2216	1
566	2217	1
2537	2217	1
2629	2217	1
2630	2217	1
739	2217	1
2633	2218	1
2585	2218	1
2634	2219	1
2012	2219	1
2183	2219	1
137	2220	1
2636	2220	1
480	2221	1
2637	2221	1
2203	2222	1
164	2222	1
2639	2222	1
