98	1	1
6	1	1
917	1	1
664	2	1
21	2	1
7	2	1
1002	3	1
1005	3	1
8	3	1
617	3	1
391	3	1
441	4	1
11	4	1
391	4	1
1631	5	1
545	5	1
15	5	1
16	6	1
391	6	1
19	7	1
848	7	1
833	8	1
18	8	1
664	8	1
489	8	1
602	8	1
664	9	1
21	9	1
20	10	1
496	10	1
700	11	1
23	11	1
391	11	1
87	12	1
1635	12	1
264	12	1
27	12	1
462	13	1
297	13	1
26	13	1
1000	14	1
715	14	1
749	14	1
276	14	1
391	14	1
29	14	1
423	14	1
523	14	1
506	15	1
472	15	1
31	15	1
793	16	1
30	16	1
35	17	1
700	17	1
32	18	1
472	18	1
38	19	1
80	19	1
39	20	1
644	20	1
36	21	1
644	21	1
815	21	1
275	22	1
98	22	1
6	22	1
37	22	1
662	22	1
917	22	1
330	22	1
489	23	1
488	23	1
645	23	1
43	23	1
489	24	1
40	24	1
850	25	1
848	25	1
661	25	1
41	25	1
848	26	1
47	26	1
848	27	1
44	27	1
679	28	1
45	28	1
51	29	1
764	29	1
50	30	1
848	30	1
49	31	1
749	31	1
29	31	1
423	31	1
68	32	1
957	32	1
715	32	1
749	32	1
276	32	1
523	32	1
1000	32	1
700	32	1
185	32	1
55	32	1
29	32	1
391	32	1
999	32	1
423	32	1
53	33	1
613	33	1
440	34	1
1006	34	1
748	34	1
52	34	1
484	34	1
365	34	1
617	34	1
391	34	1
483	34	1
319	34	1
482	34	1
440	35	1
415	35	1
59	35	1
391	35	1
555	35	1
1493	36	1
506	36	1
173	36	1
57	36	1
973	37	1
56	37	1
2197	37	1
2594	38	1
63	38	1
987	39	1
62	39	1
19	40	1
848	40	1
605	40	1
60	40	1
1001	41	1
68	41	1
1000	41	1
715	41	1
292	41	1
749	41	1
617	41	1
999	41	1
69	42	1
302	42	1
373	43	1
462	43	1
70	43	1
339	43	1
506	43	1
277	43	1
266	43	1
297	43	1
26	43	1
71	44	1
660	44	1
632	44	1
275	45	1
98	45	1
64	45	1
6	45	1
662	45	1
917	45	1
330	45	1
65	46	1
7	46	1
644	46	1
66	47	1
219	47	1
993	47	1
267	47	1
877	47	1
67	48	1
332	48	1
76	49	1
496	49	1
77	50	1
675	50	1
78	51	1
917	51	1
736	51	1
506	52	1
79	52	1
675	53	1
73	53	1
895	54	1
74	54	1
992	55	1
75	55	1
85	56	1
987	56	1
275	57	1
84	57	1
644	57	1
87	58	1
540	58	1
700	59	1
86	59	1
699	59	1
391	59	1
81	60	1
1546	60	1
270	60	1
83	61	1
391	61	1
659	61	1
848	62	1
82	62	1
36	63	1
93	63	1
683	64	1
65	64	1
92	64	1
796	64	1
440	65	1
375	65	1
374	65	1
445	65	1
446	65	1
95	65	1
391	65	1
286	65	1
801	66	1
764	66	1
94	66	1
448	66	1
906	67	1
267	67	1
781	67	1
89	67	1
475	68	1
1632	68	1
863	68	1
91	68	1
789	69	1
90	69	1
102	70	1
543	70	1
1	71	1
100	71	1
98	72	1
6	72	1
662	72	1
330	72	1
700	73	1
99	73	1
391	73	1
699	74	1
96	74	1
575	74	1
572	74	1
2924	74	1
849	75	1
324	75	1
110	75	1
373	76	1
339	76	1
277	76	1
266	76	1
108	76	1
503	76	1
839	77	1
174	77	1
384	77	1
109	77	1
68	78	1
1000	78	1
715	78	1
700	78	1
749	78	1
276	78	1
29	78	1
106	78	1
999	78	1
423	78	1
523	78	1
715	79	1
443	79	1
749	79	1
276	79	1
107	79	1
555	79	1
523	79	1
1000	79	1
49	79	1
700	79	1
185	79	1
292	79	1
29	79	1
391	79	1
999	79	1
423	79	1
273	80	1
80	80	1
365	80	1
391	80	1
104	80	1
119	81	1
23	81	1
411	82	1
117	82	1
115	83	1
330	83	1
113	84	1
918	84	1
1	85	1
112	85	1
127	86	1
244	86	1
823	87	1
126	87	1
1005	88	1
2746	88	1
472	88	1
298	88	1
264	88	1
123	88	1
867	89	1
817	89	1
644	89	1
815	89	1
122	89	1
382	90	1
120	90	1
137	91	1
644	91	1
815	91	1
810	91	1
611	92	1
136	92	1
717	92	1
716	92	1
371	92	1
320	92	1
139	93	1
848	93	1
487	93	1
138	94	1
417	94	1
331	94	1
141	95	1
590	95	1
105	95	1
732	96	1
140	96	1
496	96	1
143	97	1
473	97	1
417	97	1
497	97	1
142	98	1
145	98	1
419	98	1
129	99	1
639	99	1
472	100	1
25	100	1
128	100	1
298	100	1
131	101	1
2362	101	1
1499	101	1
130	102	1
590	102	1
105	102	1
565	103	1
133	103	1
132	104	1
590	104	1
105	104	1
692	105	1
590	105	1
135	105	1
105	105	1
324	106	1
1099	106	1
134	106	1
152	107	1
599	107	1
391	107	1
567	108	1
153	108	1
292	108	1
66	108	1
267	108	1
89	108	1
715	109	1
700	109	1
2	109	1
154	109	1
292	109	1
749	109	1
276	109	1
391	109	1
29	109	1
423	109	1
523	109	1
461	110	1
155	110	1
292	110	1
484	110	1
391	110	1
89	110	1
700	111	1
156	111	1
391	111	1
700	112	1
157	112	1
391	112	1
291	113	1
158	113	1
58	113	1
642	113	1
159	114	1
584	114	1
10	114	1
569	114	1
705	115	1
144	115	1
823	116	1
417	116	1
282	116	1
145	116	1
17	117	1
823	117	1
473	117	1
543	117	1
146	117	1
498	117	1
823	118	1
417	118	1
231	118	1
145	118	1
419	118	1
41	118	1
147	118	1
457	119	1
391	119	1
148	119	1
928	119	1
231	120	1
41	120	1
149	120	1
326	121	1
1702	121	1
1510	121	1
918	121	1
638	121	1
150	121	1
151	121	1
1702	122	1
1510	122	1
918	122	1
638	122	1
151	122	1
288	123	1
171	123	1
349	123	1
847	123	1
521	123	1
170	124	1
294	124	1
169	125	1
609	125	1
463	126	1
440	126	1
609	126	1
168	126	1
800	126	1
292	126	1
365	126	1
391	126	1
411	127	1
510	127	1
175	127	1
839	128	1
174	128	1
506	129	1
173	129	1
818	130	1
507	130	1
172	130	1
163	131	1
783	131	1
54	132	1
310	132	1
162	132	1
597	133	1
754	133	1
161	133	1
981	133	1
548	134	1
292	134	1
505	134	1
160	134	1
286	134	1
732	135	1
167	135	1
657	135	1
864	136	1
166	136	1
354	137	1
165	137	1
291	138	1
164	138	1
186	139	1
3268	139	1
184	139	1
2642	139	1
2856	139	1
3044	139	1
606	139	1
187	140	1
848	140	1
967	140	1
392	141	1
190	141	1
484	141	1
191	142	1
72	142	1
848	143	1
188	143	1
532	144	1
189	144	1
815	144	1
792	144	1
231	145	1
178	145	1
41	145	1
68	146	1
988	146	1
831	146	1
177	146	1
391	146	1
106	146	1
999	146	1
848	147	1
182	147	1
279	148	1
38	148	1
524	148	1
131	148	1
391	148	1
183	148	1
472	149	1
180	149	1
304	150	1
35	150	1
699	150	1
988	150	1
718	150	1
59	150	1
843	150	1
573	150	1
391	150	1
106	150	1
689	150	1
181	150	1
275	151	1
204	151	1
662	151	1
508	152	1
207	152	1
1629	152	1
671	153	1
206	153	1
201	154	1
583	154	1
391	154	1
200	155	1
2856	155	1
607	155	1
655	156	1
848	156	1
203	156	1
933	156	1
387	156	1
585	156	1
386	156	1
10	156	1
934	156	1
388	156	1
839	157	1
202	157	1
974	158	1
197	158	1
390	158	1
754	159	1
196	159	1
417	160	1
199	160	1
648	161	1
198	161	1
899	161	1
410	162	1
848	162	1
662	162	1
192	162	1
373	163	1
446	163	1
3123	163	1
266	163	1
423	163	1
195	163	1
760	164	1
761	164	1
759	164	1
194	164	1
220	165	1
682	165	1
391	165	1
221	166	1
620	166	1
222	167	1
391	167	1
925	168	1
223	168	1
216	169	1
673	169	1
685	170	1
292	170	1
217	170	1
592	171	1
218	171	1
616	171	1
660	172	1
212	172	1
440	173	1
213	173	1
391	173	1
964	173	1
48	174	1
398	174	1
397	174	1
294	174	1
873	174	1
214	174	1
448	174	1
655	175	1
215	175	1
861	175	1
660	176	1
496	176	1
209	176	1
210	177	1
642	177	1
683	178	1
65	178	1
280	178	1
211	178	1
239	179	1
609	179	1
238	180	1
980	180	1
237	181	1
306	181	1
296	181	1
179	181	1
593	182	1
236	182	1
1069	182	1
1227	182	1
740	182	1
1569	182	1
235	183	1
365	183	1
572	183	1
391	183	1
293	184	1
234	184	1
421	184	1
391	184	1
306	185	1
233	185	1
296	185	1
179	185	1
682	186	1
232	186	1
391	186	1
626	187	1
230	187	1
306	188	1
296	188	1
179	188	1
229	188	1
754	189	1
228	189	1
987	190	1
632	190	1
227	190	1
654	191	1
226	191	1
698	192	1
225	192	1
709	193	1
224	193	1
440	194	1
254	194	1
927	194	1
548	194	1
484	194	1
365	194	1
391	194	1
255	195	1
391	195	1
1957	196	1
746	196	1
669	196	1
700	196	1
670	196	1
518	196	1
252	196	1
374	196	1
365	196	1
439	196	1
303	196	1
291	197	1
253	197	1
250	198	1
389	198	1
251	199	1
692	199	1
14	199	1
807	200	1
1004	200	1
248	200	1
934	200	1
682	201	1
249	201	1
391	201	1
2560	202	1
247	202	1
811	202	1
440	203	1
927	203	1
548	203	1
484	203	1
365	203	1
245	203	1
391	203	1
411	204	1
660	204	1
632	204	1
242	204	1
823	205	1
848	205	1
243	205	1
980	205	1
204	206	1
683	206	1
65	206	1
705	206	1
644	206	1
240	206	1
499	206	1
655	207	1
933	207	1
387	207	1
619	207	1
585	207	1
795	207	1
241	207	1
275	208	1
917	208	1
87	209	1
273	209	1
472	209	1
781	209	1
272	210	1
489	210	1
488	210	1
613	210	1
645	210	1
644	210	1
279	211	1
80	211	1
1176	211	1
952	212	1
278	212	1
472	213	1
277	213	1
823	214	1
282	214	1
420	214	1
545	215	1
287	215	1
273	216	1
472	216	1
286	216	1
430	217	1
285	217	1
258	218	1
574	218	1
557	218	1
259	219	1
945	219	1
655	220	1
256	220	1
203	220	1
257	221	1
448	221	1
262	222	1
524	222	1
273	223	1
87	223	1
374	223	1
263	223	1
472	223	1
888	223	1
781	223	1
440	224	1
927	224	1
548	224	1
260	224	1
484	224	1
365	224	1
391	224	1
34	225	1
291	225	1
261	225	1
10	225	1
461	226	1
264	226	1
284	226	1
270	227	1
879	227	1
103	228	1
781	228	1
180	228	1
268	228	1
304	229	1
699	229	1
23	229	1
391	229	1
171	230	1
307	230	1
616	230	1
306	231	1
430	231	1
1711	231	1
1513	231	1
848	232	1
308	232	1
700	233	1
518	233	1
273	233	1
279	233	1
38	233	1
311	233	1
575	233	1
124	233	1
54	234	1
310	234	1
24	234	1
2106	235	1
312	235	1
264	235	1
284	235	1
644	236	1
662	236	1
315	236	1
851	237	1
644	237	1
662	237	1
314	237	1
411	238	1
317	238	1
313	239	1
315	239	1
314	239	1
316	239	1
391	240	1
319	240	1
292	241	1
391	241	1
318	241	1
288	242	1
338	242	1
847	242	1
289	243	1
616	243	1
291	244	1
784	244	1
397	245	1
294	245	1
297	246	1
448	246	1
32	247	1
267	247	1
298	247	1
180	247	1
649	248	1
300	248	1
440	249	1
59	249	1
365	249	1
303	249	1
342	250	1
1561	250	1
1387	250	1
3259	250	1
510	251	1
341	251	1
339	252	1
472	252	1
292	253	1
599	253	1
337	253	1
391	253	1
23	254	1
336	254	1
986	255	1
327	255	1
630	255	1
351	255	1
616	255	1
281	255	1
849	256	1
644	256	1
349	256	1
720	257	1
348	257	1
210	257	1
478	258	1
347	258	1
858	259	1
346	259	1
264	260	1
345	260	1
326	261	1
1702	261	1
1510	261	1
918	261	1
638	261	1
326	262	1
1702	262	1
327	262	1
1510	262	1
918	262	1
638	262	1
150	262	1
151	262	1
324	263	1
515	263	1
1702	264	1
327	264	1
1510	264	1
325	264	1
281	264	1
638	264	1
322	265	1
826	265	1
686	266	1
323	266	1
789	267	1
320	267	1
731	268	1
321	268	1
738	268	1
737	268	1
335	269	1
390	269	1
757	269	1
440	270	1
800	270	1
333	270	1
917	271	1
330	271	1
660	272	1
331	272	1
1702	273	1
1510	273	1
918	273	1
638	273	1
328	273	1
949	274	1
662	274	1
329	274	1
375	275	1
374	275	1
764	275	1
489	276	1
369	276	1
489	277	1
368	277	1
478	278	1
370	278	1
381	279	1
538	279	1
955	280	1
679	280	1
380	280	1
440	281	1
392	281	1
114	281	1
365	281	1
383	281	1
391	281	1
1	282	1
382	282	1
377	283	1
674	283	1
2372	284	1
1002	284	1
674	284	1
378	284	1
440	285	1
356	285	1
70	285	1
773	285	1
1005	285	1
748	285	1
52	285	1
978	285	1
484	285	1
365	285	1
977	285	1
391	285	1
774	286	1
356	286	1
746	286	1
357	286	1
70	286	1
292	286	1
748	286	1
52	286	1
391	286	1
286	286	1
358	287	1
889	287	1
26	287	1
359	288	1
280	288	1
360	288	1
2580	289	1
352	289	1
355	289	1
417	289	1
353	290	1
354	290	1
355	290	1
353	291	1
355	291	1
766	292	1
364	292	1
391	292	1
440	293	1
365	293	1
440	294	1
1005	294	1
800	294	1
365	294	1
366	294	1
35	295	1
700	295	1
701	295	1
86	295	1
367	295	1
823	296	1
420	296	1
361	296	1
361	297	1
362	297	1
410	298	1
848	298	1
609	299	1
414	299	1
440	300	1
415	300	1
391	300	1
411	301	1
412	301	1
231	301	1
632	301	1
41	301	1
823	302	1
413	302	1
694	303	1
402	303	1
3184	303	1
405	303	1
402	304	1
403	304	1
401	304	1
3186	304	1
952	305	1
400	305	1
694	306	1
402	306	1
917	306	1
401	306	1
694	307	1
402	307	1
401	307	1
406	307	1
404	307	1
405	307	1
25	308	1
407	308	1
632	309	1
404	309	1
405	309	1
694	310	1
1860	310	1
1344	310	1
3184	310	1
405	310	1
941	311	1
395	311	1
848	311	1
939	311	1
507	311	1
941	312	1
394	312	1
28	312	1
393	313	1
25	313	1
392	314	1
800	314	1
391	314	1
653	315	1
398	315	1
397	315	1
294	315	1
396	315	1
294	316	1
397	316	1
933	317	1
387	317	1
585	317	1
386	317	1
839	318	1
174	318	1
385	318	1
384	318	1
839	319	1
515	319	1
202	319	1
109	319	1
384	319	1
800	320	1
391	320	1
390	321	1
757	321	1
435	322	1
12	322	1
388	322	1
444	323	1
61	323	1
440	324	1
375	324	1
374	324	1
279	324	1
38	324	1
445	324	1
446	324	1
391	324	1
440	325	1
375	325	1
374	325	1
292	325	1
446	325	1
391	325	1
286	325	1
910	326	1
447	326	1
3274	326	1
926	327	1
432	327	1
274	328	1
433	328	1
856	328	1
706	328	1
1421	328	1
274	329	1
433	329	1
434	329	1
435	330	1
388	330	1
848	331	1
436	331	1
848	332	1
437	332	1
440	333	1
746	333	1
52	333	1
438	333	1
180	333	1
303	333	1
439	333	1
425	334	1
264	334	1
425	335	1
427	335	1
426	335	1
264	335	1
426	336	1
264	336	1
429	337	1
892	337	1
428	338	1
764	338	1
1	339	1
954	339	1
416	339	1
823	340	1
417	340	1
42	340	1
282	340	1
419	340	1
301	340	1
823	341	1
418	341	1
185	342	1
555	342	1
423	342	1
1151	343	1
1647	343	1
354	343	1
1688	343	1
422	343	1
476	344	1
477	344	1
296	344	1
559	344	1
743	344	1
823	345	1
474	345	1
768	345	1
1969	346	1
475	346	1
863	346	1
823	347	1
473	347	1
23	348	1
276	348	1
470	348	1
555	348	1
423	348	1
523	348	1
292	349	1
52	349	1
365	349	1
471	349	1
391	349	1
768	350	1
468	350	1
390	350	1
469	351	1
300	351	1
466	352	1
467	352	1
339	353	1
277	353	1
464	353	1
2746	354	1
740	354	1
465	354	1
610	355	1
463	355	1
292	355	1
365	355	1
557	355	1
391	355	1
462	356	1
87	356	1
87	357	1
461	357	1
80	357	1
540	357	1
459	358	1
458	358	1
699	359	1
457	359	1
391	359	1
928	359	1
23	360	1
456	360	1
1009	360	1
391	360	1
417	361	1
145	361	1
454	361	1
419	361	1
418	361	1
184	362	1
453	362	1
774	363	1
452	363	1
451	363	1
391	364	1
451	364	1
451	365	1
450	365	1
508	366	1
542	366	1
391	366	1
509	367	1
503	367	1
656	367	1
13	367	1
849	368	1
510	368	1
848	368	1
511	369	1
472	369	1
511	370	1
505	370	1
472	370	1
748	370	1
298	370	1
391	370	1
848	371	1
939	371	1
507	371	1
435	371	1
417	372	1
500	372	1
692	372	1
208	372	1
36	373	1
501	373	1
893	373	1
373	374	1
1005	374	1
292	374	1
266	374	1
502	374	1
503	374	1
373	375	1
1005	375	1
665	375	1
266	375	1
503	375	1
987	376	1
660	376	1
632	376	1
496	376	1
597	377	1
497	377	1
493	378	1
494	378	1
632	378	1
492	379	1
636	379	1
171	380	1
495	380	1
1004	380	1
768	380	1
494	381	1
980	381	1
489	382	1
488	382	1
489	383	1
490	383	1
848	384	1
485	384	1
440	385	1
927	385	1
365	385	1
484	385	1
391	385	1
487	386	1
486	386	1
231	387	1
41	387	1
481	387	1
176	388	1
480	388	1
440	389	1
292	389	1
365	389	1
391	389	1
483	389	1
440	390	1
748	390	1
617	390	1
319	390	1
1005	390	1
699	390	1
1006	390	1
52	390	1
365	390	1
484	390	1
391	390	1
483	390	1
482	390	1
576	391	1
550	391	1
699	391	1
575	391	1
647	391	1
573	391	1
617	391	1
551	392	1
365	392	1
391	392	1
548	393	1
124	393	1
987	394	1
549	394	1
547	394	1
90	394	1
546	395	1
545	395	1
287	395	1
789	396	1
547	396	1
90	396	1
544	397	1
852	397	1
558	398	1
391	398	1
898	398	1
339	399	1
277	399	1
903	399	1
902	399	1
556	399	1
472	400	1
557	400	1
2895	400	1
638	401	1
553	401	1
567	402	1
511	402	1
472	402	1
264	402	1
566	403	1
853	403	1
564	404	1
705	404	1
563	405	1
506	405	1
562	406	1
269	406	1
561	407	1
451	407	1
560	408	1
754	408	1
10	408	1
699	409	1
575	409	1
350	409	1
617	409	1
153	410	1
35	410	1
548	410	1
460	410	1
574	410	1
573	410	1
690	410	1
391	410	1
180	410	1
548	411	1
699	411	1
575	411	1
573	411	1
617	411	1
699	412	1
617	412	1
572	412	1
493	413	1
411	413	1
660	413	1
571	413	1
867	414	1
116	414	1
683	414	1
489	414	1
65	414	1
613	414	1
601	414	1
570	414	1
266	415	1
568	415	1
986	416	1
516	416	1
849	416	1
630	416	1
351	416	1
376	416	1
440	417	1
746	417	1
517	417	1
70	417	1
273	417	1
409	417	1
748	417	1
978	417	1
977	417	1
438	417	1
806	417	1
700	417	1
773	417	1
1005	417	1
292	417	1
52	417	1
365	417	1
484	417	1
391	417	1
440	418	1
518	418	1
365	418	1
391	418	1
512	419	1
692	419	1
324	420	1
513	420	1
324	421	1
514	421	1
1	422	1
324	422	1
174	422	1
515	422	1
385	422	1
384	422	1
524	423	1
365	423	1
391	423	1
440	424	1
518	424	1
484	424	1
365	424	1
526	424	1
391	424	1
848	425	1
527	425	1
848	426	1
692	426	1
815	426	1
520	426	1
848	427	1
521	427	1
533	428	1
532	428	1
535	429	1
534	429	1
506	429	1
79	429	1
863	429	1
848	430	1
528	430	1
2988	431	1
531	431	1
848	432	1
530	432	1
185	433	1
540	433	1
848	434	1
543	434	1
263	435	1
472	435	1
298	435	1
542	435	1
565	436	1
537	436	1
296	437	1
536	437	1
448	437	1
770	438	1
539	438	1
610	439	1
1020	439	1
611	440	1
716	440	1
1707	440	1
850	441	1
608	441	1
193	441	1
609	442	1
391	442	1
615	443	1
697	443	1
2363	443	1
614	444	1
612	444	1
645	444	1
127	445	1
618	445	1
662	445	1
244	445	1
917	445	1
329	445	1
617	446	1
522	446	1
523	446	1
625	447	1
624	447	1
231	447	1
41	447	1
622	447	1
621	447	1
411	448	1
317	448	1
983	448	1
623	448	1
700	449	1
701	449	1
86	449	1
1005	449	1
699	449	1
276	449	1
350	449	1
391	449	1
620	449	1
523	449	1
632	450	1
621	450	1
627	451	1
87	451	1
2277	451	1
2844	451	1
626	452	1
625	452	1
231	452	1
41	452	1
626	453	1
625	453	1
624	453	1
622	453	1
621	453	1
631	454	1
630	454	1
349	454	1
376	454	1
986	455	1
630	455	1
1462	456	1
629	456	1
754	456	1
305	457	1
820	457	1
504	457	1
4	457	1
750	457	1
296	457	1
635	457	1
121	457	1
957	458	1
470	458	1
634	458	1
29	458	1
423	458	1
869	459	1
633	459	1
45	459	1
283	460	1
632	460	1
639	461	1
3047	461	1
390	462	1
637	462	1
962	463	1
636	463	1
576	464	1
700	464	1
699	464	1
350	464	1
617	464	1
577	465	1
874	465	1
391	465	1
578	466	1
1858	466	1
609	467	1
579	467	1
789	468	1
580	468	1
754	468	1
390	468	1
389	468	1
339	469	1
581	469	1
582	469	1
277	469	1
339	470	1
277	470	1
582	470	1
848	471	1
613	471	1
584	471	1
282	472	1
111	472	1
585	472	1
390	472	1
1	473	1
87	473	1
586	473	1
185	474	1
444	474	1
470	474	1
587	474	1
423	474	1
61	474	1
5	475	1
295	475	1
589	475	1
740	475	1
548	476	1
292	476	1
526	476	1
591	476	1
593	477	1
686	477	1
393	477	1
33	477	1
1069	477	1
616	477	1
1227	477	1
740	477	1
1569	477	1
327	478	1
592	478	1
1018	478	1
595	479	1
848	479	1
596	479	1
848	480	1
594	480	1
596	480	1
848	481	1
596	481	1
917	481	1
440	482	1
609	482	1
52	482	1
598	482	1
484	482	1
333	482	1
391	482	1
88	482	1
319	482	1
599	483	1
23	483	1
600	483	1
296	484	1
603	484	1
430	485	1
602	485	1
851	486	1
605	486	1
847	486	1
6	487	1
662	487	1
604	487	1
382	488	1
607	488	1
184	489	1
453	489	1
994	489	1
382	489	1
606	489	1
687	490	1
686	490	1
33	490	1
770	490	1
906	490	1
2495	490	1
2279	490	1
888	490	1
1679	490	1
2687	490	1
2670	490	1
1877	490	1
1470	490	1
686	491	1
461	491	1
770	491	1
906	491	1
904	491	1
25	491	1
267	491	1
264	491	1
970	492	1
685	492	1
954	492	1
382	492	1
684	493	1
292	493	1
26	493	1
683	494	1
7	494	1
644	494	1
440	495	1
101	495	1
681	495	1
1006	495	1
680	495	1
22	495	1
935	495	1
391	495	1
552	495	1
680	496	1
552	496	1
679	497	1
678	497	1
677	498	1
389	498	1
288	499	1
338	499	1
676	499	1
662	500	1
675	500	1
518	501	1
429	501	1
292	501	1
906	501	1
263	501	1
365	501	1
554	501	1
391	501	1
674	501	1
539	501	1
116	502	1
601	502	1
672	502	1
702	503	1
700	503	1
800	503	1
699	503	1
365	503	1
391	503	1
522	503	1
440	504	1
703	504	1
484	504	1
391	504	1
700	505	1
701	505	1
699	505	1
391	505	1
686	506	1
548	506	1
749	506	1
472	506	1
276	506	1
470	506	1
888	506	1
286	506	1
700	506	1
460	506	1
86	506	1
701	506	1
698	506	1
699	506	1
575	506	1
573	506	1
572	506	1
391	506	1
440	506	1
35	506	1
33	506	1
523	506	1
185	506	1
906	506	1
59	506	1
365	506	1
483	506	1
699	507	1
391	507	1
696	508	1
754	508	1
185	509	1
292	509	1
699	509	1
695	509	1
617	509	1
391	509	1
1	510	1
692	510	1
288	511	1
693	511	1
2652	511	1
1	512	1
272	512	1
692	512	1
691	512	1
686	513	1
33	513	1
770	513	1
906	513	1
888	513	1
2687	513	1
1877	513	1
688	513	1
987	514	1
652	514	1
294	514	1
370	514	1
692	514	1
929	514	1
655	515	1
933	515	1
2896	516	1
654	516	1
205	517	1
651	517	1
388	517	1
650	518	1
388	518	1
664	519	1
644	519	1
32	520	1
647	520	1
180	520	1
881	521	1
442	521	1
1634	521	1
646	521	1
800	522	1
292	522	1
641	522	1
640	522	1
609	523	1
168	523	1
800	523	1
641	523	1
640	523	1
987	524	1
643	524	1
644	525	1
642	525	1
668	526	1
667	526	1
496	526	1
702	527	1
440	527	1
669	527	1
700	527	1
767	527	1
699	527	1
23	527	1
617	527	1
124	527	1
391	527	1
269	527	1
440	528	1
700	528	1
670	528	1
562	528	1
124	528	1
391	528	1
2082	529	1
686	529	1
33	529	1
666	529	1
769	529	1
660	530	1
661	530	1
644	531	1
662	531	1
917	531	1
330	531	1
373	532	1
339	532	1
562	532	1
277	532	1
266	532	1
297	532	1
26	532	1
656	532	1
538	532	1
657	533	1
658	533	1
664	534	1
658	534	1
391	535	1
659	535	1
747	536	1
805	536	1
746	536	1
806	536	1
700	536	1
773	536	1
292	536	1
748	536	1
365	536	1
391	536	1
303	536	1
746	537	1
365	537	1
745	538	1
391	538	1
448	538	1
85	539	1
744	539	1
496	539	1
987	540	1
71	540	1
751	540	1
660	540	1
632	540	1
980	540	1
700	541	1
749	541	1
617	541	1
440	542	1
748	542	1
739	543	1
740	543	1
955	544	1
738	544	1
738	545	1
737	545	1
275	546	1
662	546	1
736	546	1
848	547	1
742	547	1
794	548	1
741	548	1
30	548	1
762	549	1
848	549	1
763	550	1
1002	550	1
1991	550	1
674	550	1
1377	550	1
848	551	1
761	551	1
920	552	1
765	552	1
299	552	1
478	553	1
854	553	1
754	553	1
1255	554	1
802	554	1
783	554	1
755	554	1
735	555	1
705	555	1
752	555	1
997	555	1
46	555	1
705	556	1
995	556	1
752	556	1
753	556	1
997	556	1
758	557	1
759	557	1
440	558	1
700	558	1
503	558	1
756	558	1
713	559	1
848	559	1
751	559	1
712	560	1
961	560	1
391	560	1
674	560	1
438	560	1
1000	561	1
700	561	1
715	561	1
185	561	1
749	561	1
617	561	1
423	561	1
714	562	1
799	562	1
382	562	1
716	563	1
2740	563	1
719	564	1
878	564	1
705	565	1
24	565	1
856	565	1
704	566	1
893	566	1
894	566	1
774	567	1
773	567	1
609	567	1
484	567	1
365	567	1
707	567	1
391	567	1
947	567	1
800	568	1
292	568	1
484	568	1
391	568	1
709	568	1
708	568	1
710	568	1
800	569	1
708	569	1
710	569	1
1149	570	1
1534	570	1
451	570	1
711	570	1
728	571	1
969	571	1
666	571	1
769	571	1
391	571	1
728	572	1
729	572	1
666	572	1
769	572	1
730	573	1
848	573	1
738	573	1
943	574	1
730	574	1
848	574	1
731	574	1
738	574	1
2	575	1
32	575	1
506	575	1
472	575	1
647	575	1
79	575	1
863	575	1
285	575	1
535	575	1
290	575	1
534	575	1
906	575	1
733	575	1
431	575	1
219	575	1
430	575	1
296	575	1
267	575	1
781	575	1
877	575	1
734	576	1
735	576	1
856	576	1
46	576	1
720	577	1
642	577	1
760	578	1
721	578	1
507	579	1
722	579	1
723	579	1
788	580	1
660	580	1
334	580	1
246	580	1
723	580	1
100	581	1
848	581	1
817	581	1
397	581	1
765	581	1
815	581	1
265	581	1
724	581	1
592	582	1
218	582	1
725	582	1
2341	583	1
219	583	1
993	583	1
877	583	1
726	583	1
662	584	1
727	584	1
821	585	1
399	585	1
10	585	1
822	586	1
2592	586	1
330	586	1
849	587	1
848	587	1
817	587	1
815	587	1
816	588	1
265	588	1
819	589	1
1709	589	1
794	589	1
30	589	1
818	590	1
455	590	1
610	591	1
463	591	1
1668	591	1
35	591	1
2203	591	1
1544	591	1
279	591	1
38	591	1
80	591	1
829	591	1
3029	591	1
273	592	1
339	592	1
277	592	1
828	592	1
831	593	1
555	593	1
35	594	1
574	594	1
557	594	1
830	594	1
628	595	1
824	595	1
848	596	1
827	596	1
913	596	1
764	597	1
826	597	1
804	598	1
800	598	1
440	599	1
746	599	1
805	599	1
806	599	1
773	599	1
748	599	1
365	599	1
391	599	1
303	599	1
746	600	1
806	600	1
699	600	1
764	600	1
491	600	1
748	600	1
800	601	1
391	601	1
801	602	1
764	602	1
448	602	1
567	603	1
669	603	1
1005	603	1
906	603	1
802	603	1
472	603	1
803	603	1
755	603	1
298	603	1
391	603	1
63	603	1
674	603	1
754	604	1
812	604	1
408	605	1
813	605	1
391	605	1
340	606	1
78	606	1
814	606	1
917	606	1
736	606	1
849	607	1
848	607	1
644	607	1
815	607	1
644	608	1
815	608	1
808	608	1
810	608	1
644	609	1
815	609	1
588	609	1
809	609	1
810	609	1
532	610	1
823	610	1
901	610	1
418	610	1
449	610	1
120	610	1
811	610	1
791	611	1
489	611	1
790	612	1
739	612	1
407	612	1
789	613	1
848	613	1
787	614	1
815	614	1
848	615	1
786	615	1
1	616	1
291	616	1
785	616	1
541	616	1
1	617	1
784	617	1
87	618	1
263	618	1
472	618	1
798	618	1
298	618	1
770	619	1
264	619	1
797	619	1
794	620	1
793	620	1
30	620	1
543	621	1
792	621	1
774	622	1
609	622	1
391	622	1
881	623	1
1237	623	1
775	623	1
442	623	1
2119	623	1
1634	623	1
567	624	1
343	624	1
772	624	1
771	624	1
296	624	1
773	625	1
391	625	1
87	626	1
770	626	1
264	626	1
567	627	1
771	627	1
3041	627	1
3042	627	1
823	628	1
768	628	1
906	629	1
769	629	1
264	629	1
1896	630	1
883	630	1
32	630	1
2203	630	1
1665	630	1
1007	630	1
888	630	1
1280	630	1
780	630	1
89	630	1
180	630	1
3029	630	1
472	631	1
781	631	1
800	632	1
365	632	1
778	632	1
13	632	1
48	633	1
398	633	1
397	633	1
294	633	1
873	633	1
779	633	1
448	633	1
565	634	1
848	634	1
858	634	1
776	634	1
881	635	1
442	635	1
391	635	1
880	636	1
823	636	1
531	636	1
417	636	1
32	637	1
883	637	1
296	637	1
882	638	1
125	638	1
885	639	1
815	639	1
884	640	1
777	640	1
832	641	1
887	641	1
886	642	1
980	642	1
373	643	1
462	643	1
339	643	1
277	643	1
266	643	1
889	643	1
26	643	1
273	644	1
888	644	1
891	645	1
890	645	1
644	646	1
894	646	1
864	647	1
865	647	1
864	648	1
866	648	1
867	649	1
817	649	1
644	649	1
815	649	1
122	649	1
868	650	1
679	650	1
678	650	1
926	651	1
479	651	1
342	651	1
868	651	1
309	651	1
869	651	1
515	651	1
432	651	1
678	651	1
9	651	1
271	651	1
45	651	1
15	651	1
870	652	1
933	652	1
344	652	1
871	653	1
636	653	1
440	654	1
518	654	1
872	654	1
1169	655	1
874	655	1
754	656	1
3156	656	1
875	656	1
987	657	1
789	657	1
661	657	1
876	657	1
719	658	1
938	658	1
660	658	1
857	658	1
662	658	1
663	658	1
878	658	1
851	659	1
847	659	1
849	660	1
847	660	1
855	661	1
161	661	1
2051	662	1
1917	662	1
854	662	1
909	663	1
853	663	1
662	663	1
664	664	1
782	664	1
859	664	1
864	665	1
858	665	1
2456	666	1
282	666	1
862	666	1
861	666	1
655	667	1
861	667	1
794	668	1
793	668	1
30	668	1
860	668	1
834	669	1
489	669	1
835	670	1
832	670	1
489	670	1
602	670	1
832	671	1
664	671	1
838	672	1
837	672	1
838	673	1
836	673	1
662	673	1
837	674	1
662	674	1
304	675	1
842	675	1
573	675	1
689	675	1
700	676	1
843	676	1
840	677	1
674	677	1
644	678	1
264	678	1
841	678	1
686	679	1
2184	679	1
33	679	1
846	679	1
848	680	1
507	680	1
844	680	1
959	681	1
845	681	1
956	682	1
614	682	1
489	682	1
613	682	1
1001	683	1
1000	683	1
957	683	1
715	683	1
749	683	1
276	683	1
523	683	1
958	684	1
651	684	1
478	685	1
952	685	1
424	686	1
100	686	1
519	686	1
953	686	1
25	686	1
589	686	1
165	686	1
553	686	1
1	687	1
955	687	1
25	688	1
948	688	1
379	688	1
949	689	1
662	689	1
330	689	1
98	690	1
64	690	1
6	690	1
950	690	1
489	691	1
488	691	1
612	691	1
951	691	1
987	692	1
944	692	1
944	693	1
62	693	1
945	693	1
205	694	1
12	694	1
946	694	1
2032	695	1
2866	695	1
947	695	1
941	696	1
940	696	1
939	696	1
507	696	1
72	696	1
931	696	1
937	697	1
3021	697	1
390	697	1
713	698	1
987	698	1
789	698	1
936	698	1
692	698	1
496	698	1
996	698	1
980	698	1
658	698	1
941	699	1
942	699	1
939	699	1
937	700	1
938	700	1
100	701	1
932	701	1
927	702	1
292	702	1
928	702	1
391	703	1
930	703	1
927	704	1
292	704	1
924	705	1
644	705	1
925	706	1
892	706	1
922	707	1
448	707	1
1005	708	1
1006	708	1
921	708	1
620	708	1
986	709	1
327	709	1
289	709	1
918	709	1
979	709	1
281	709	1
440	710	1
927	710	1
484	710	1
365	710	1
919	710	1
433	711	1
434	711	1
916	711	1
97	712	1
914	712	1
393	713	1
2652	713	1
915	713	1
805	714	1
746	714	1
773	714	1
748	714	1
365	714	1
912	714	1
303	714	1
911	715	1
746	715	1
748	715	1
365	715	1
391	715	1
909	716	1
662	716	1
494	717	1
908	717	1
732	717	1
147	717	1
700	718	1
907	718	1
391	718	1
906	719	1
267	719	1
699	720	1
905	720	1
339	721	1
277	721	1
903	721	1
902	721	1
1005	722	1
339	722	1
277	722	1
902	722	1
23	723	1
900	723	1
391	723	1
648	724	1
692	724	1
899	724	1
773	725	1
609	725	1
923	725	1
843	725	1
451	725	1
391	725	1
286	725	1
897	725	1
372	726	1
896	726	1
1744	727	1
1020	727	1
1939	727	1
1355	727	1
80	727	1
1313	727	1
1021	728	1
1497	728	1
373	729	1
1008	729	1
297	729	1
502	729	1
503	729	1
656	729	1
730	730	1
321	730	1
660	730	1
246	730	1
692	730	1
1010	730	1
632	730	1
742	730	1
489	731	1
920	731	1
887	731	1
645	731	1
40	731	1
299	731	1
1011	731	1
1968	732	1
1298	732	1
1014	732	1
1745	733	1
1681	733	1
1381	733	1
1060	733	1
1015	733	1
1001	734	1
1000	734	1
715	734	1
700	734	1
185	734	1
749	734	1
276	734	1
617	734	1
391	734	1
555	734	1
999	734	1
523	734	1
1000	735	1
715	735	1
700	735	1
185	735	1
749	735	1
617	735	1
523	735	1
1003	736	1
818	736	1
142	736	1
145	736	1
419	736	1
1004	737	1
660	737	1
417	737	1
632	737	1
461	738	1
87	738	1
1007	738	1
781	738	1
993	739	1
877	739	1
644	740	1
995	740	1
997	740	1
3086	741	1
994	741	1
848	742	1
997	742	1
987	743	1
632	743	1
996	743	1
1001	744	1
1000	744	1
749	744	1
617	744	1
999	744	1
97	745	1
998	745	1
986	746	1
849	746	1
987	747	1
660	747	1
661	747	1
849	748	1
984	748	1
848	748	1
849	749	1
848	749	1
985	749	1
990	750	1
991	750	1
995	750	1
981	750	1
1000	751	1
715	751	1
700	751	1
749	751	1
988	751	1
276	751	1
29	751	1
423	751	1
523	751	1
989	752	1
632	752	1
592	753	1
1550	753	1
979	753	1
411	754	1
565	754	1
976	754	1
977	755	1
2215	755	1
349	756	1
982	756	1
983	756	1
744	757	1
732	757	1
660	757	1
632	757	1
496	757	1
980	757	1
987	758	1
849	758	1
848	758	1
660	758	1
632	758	1
980	758	1
981	758	1
971	759	1
159	759	1
10	759	1
934	759	1
825	759	1
970	760	1
969	760	1
968	761	1
448	761	1
2340	762	1
975	762	1
948	762	1
974	763	1
390	763	1
973	764	1
972	764	1
525	764	1
56	764	1
363	764	1
3	765	1
963	765	1
3152	765	1
987	766	1
960	766	1
848	767	1
967	767	1
578	768	1
613	768	1
966	768	1
835	769	1
489	769	1
613	769	1
965	769	1
2131	770	1
964	770	1
1100	771	1
1769	771	1
1768	771	1
1101	772	1
1696	772	1
2106	772	1
1635	772	1
1030	772	1
1865	773	1
1096	773	1
1097	774	1
1879	774	1
1887	775	1
1098	775	1
1662	776	1
1099	776	1
1973	777	1
1092	777	1
1066	778	1
1094	778	1
2028	778	1
1578	779	1
1088	779	1
1501	780	1
1089	780	1
1298	781	1
1348	781	1
1501	781	1
1090	781	1
1393	782	1
1091	782	1
1116	783	1
1384	783	1
1102	784	1
1119	784	1
1155	785	1
1118	785	1
1953	786	1
1113	786	1
1112	787	1
1921	787	1
1777	788	1
1039	788	1
1770	788	1
1108	788	1
1091	788	1
1565	789	1
1111	789	1
1402	790	1
1110	790	1
1030	790	1
1460	791	1
1105	791	1
1607	792	1
1106	792	1
1134	793	1
2170	793	1
2047	793	1
1132	794	1
1647	794	1
1133	795	1
1107	795	1
1861	795	1
1130	796	1
1632	796	1
863	796	1
1823	797	1
1131	797	1
1048	798	1
1128	798	1
58	798	1
1129	799	1
1591	799	1
1590	799	1
1858	800	1
1127	800	1
1865	801	1
1124	801	1
1061	801	1
1461	802	1
1125	802	1
2743	803	1
1123	803	1
1691	803	1
1913	804	1
1151	804	1
1508	804	1
1150	805	1
1590	805	1
1149	806	1
1391	806	1
1390	807	1
1147	807	1
1717	808	1
1146	808	1
1145	809	1
2106	809	1
1417	809	1
1482	809	1
1731	810	1
1143	810	1
1867	811	1
1082	811	1
1142	811	1
1461	812	1
1141	812	1
1717	813	1
1146	813	1
1140	813	1
1843	813	1
1635	814	1
1139	814	1
1044	814	1
1155	815	1
1136	815	1
1032	816	1
1646	816	1
1034	817	1
2015	817	1
1035	818	1
2008	818	1
1012	818	1
1038	819	1
1616	819	1
1043	819	1
1415	820	1
1026	820	1
1958	821	1
1027	821	1
1906	822	1
1028	822	1
1049	823	1
1029	823	1
1942	824	1
1031	824	1
1049	825	1
2064	825	1
1943	826	1
1051	826	1
1053	827	1
1788	827	1
1054	828	1
2136	828	1
1038	829	1
1616	829	1
1043	829	1
1066	830	1
2028	830	1
1070	831	1
2138	831	1
1071	832	1
1501	832	1
1375	833	1
1461	833	1
1062	833	1
1375	834	1
1063	834	1
1745	835	1
1734	835	1
1381	835	1
1060	835	1
1015	835	1
1083	836	1
1717	836	1
1658	837	1
1407	837	1
1081	837	1
1732	837	1
1087	838	1
1480	838	1
1729	839	1
1086	839	1
1913	840	1
1374	840	1
1084	840	1
1380	841	1
1075	841	1
1388	842	1
1074	842	1
1073	843	1
2157	843	1
1986	844	1
1732	844	1
1072	844	1
1372	845	1
1600	845	1
1041	845	1
1079	845	1
1077	845	1
1600	846	1
1041	846	1
1077	846	1
1221	847	1
472	847	1
1074	847	1
180	847	1
1076	847	1
1804	848	1
1223	848	1
1222	849	1
1901	849	1
866	850	1
1849	850	1
1520	850	1
1217	850	1
1414	850	1
1676	850	1
1422	850	1
1216	851	1
1543	851	1
1461	852	1
1219	852	1
1218	853	1
1773	853	1
1457	854	1
1229	854	1
1080	855	1
1228	855	1
1064	856	1
1708	856	1
1230	856	1
1627	857	1
2010	857	1
1707	857	1
1225	857	1
1227	858	1
1569	858	1
1412	859	1
1226	859	1
1236	860	1
1457	860	1
1551	860	1
1750	860	1
1589	860	1
2026	860	1
1016	861	1
1220	861	1
442	861	1
1071	861	1
1068	861	1
1397	861	1
1059	861	1
1501	861	1
1089	861	1
1151	861	1
1237	861	1
1892	861	1
1688	861	1
1861	861	1
1243	861	1
1238	862	1
1654	862	1
2032	863	1
1239	863	1
947	863	1
770	864	1
1232	864	1
906	864	1
2158	864	1
1417	864	1
1457	865	1
1458	865	1
1233	865	1
472	865	1
298	865	1
1521	866	1
1234	866	1
770	867	1
906	867	1
1235	867	1
1417	867	1
629	868	1
1462	868	1
1244	868	1
1649	868	1
1707	868	1
1942	869	1
2129	869	1
1245	869	1
1031	869	1
1080	870	1
1246	870	1
2077	870	1
1867	871	1
1247	871	1
781	872	1
1240	872	1
31	872	1
1789	872	1
866	873	1
1414	873	1
1676	873	1
1241	873	1
1990	874	1
2796	874	1
1242	874	1
1861	875	1
1243	875	1
1255	876	1
1525	876	1
1051	876	1
1058	876	1
1788	876	1
1254	877	1
1052	877	1
58	877	1
1891	877	1
1637	877	1
2050	878	1
1253	878	1
854	878	1
1252	879	1
1068	879	1
1251	880	1
1126	880	1
185	881	1
1250	881	1
276	881	1
1417	881	1
523	881	1
1912	882	1
1249	882	1
1142	882	1
1030	882	1
1539	882	1
219	883	1
1248	883	1
877	883	1
1151	884	1
1510	884	1
1647	884	1
1263	884	1
422	884	1
1694	885	1
1261	885	1
1821	886	1
1260	886	1
2007	887	1
1707	887	1
1259	887	1
1853	888	1
1881	888	1
1160	888	1
1258	888	1
1819	889	1
1207	889	1
1257	889	1
1121	889	1
2140	890	1
1529	890	1
1256	890	1
1270	891	1
1746	891	1
1271	892	1
1821	892	1
1268	893	1
279	893	1
38	893	1
1725	893	1
1269	894	1
1382	894	1
1518	894	1
1266	895	1
1879	895	1
1267	896	1
1541	896	1
1862	896	1
1613	897	1
1264	897	1
1018	898	1
1265	898	1
1925	899	1
1276	899	1
1623	899	1
2099	900	1
1919	900	1
1277	900	1
770	901	1
2054	901	1
1274	901	1
1455	901	1
1045	902	1
1893	902	1
1275	902	1
1866	903	1
1272	903	1
1384	904	1
1650	904	1
1273	904	1
1153	905	1
1374	905	1
1152	906	1
2050	906	1
1157	907	1
1976	907	1
1493	908	1
1158	908	1
1382	909	1
1163	909	1
1518	909	1
1057	910	1
1162	910	1
1796	911	1
1165	911	1
1501	912	1
1164	912	1
1909	913	1
1167	913	1
1524	914	1
1168	914	1
1525	915	1
1169	915	1
1051	915	1
173	915	1
1388	916	1
1221	916	1
1170	916	1
472	916	1
1076	916	1
2167	917	1
1171	917	1
2170	917	1
1067	918	1
1172	918	1
1173	919	1
430	919	1
1711	919	1
2956	920	1
1174	920	1
1813	920	1
2949	920	1
2333	920	1
1777	921	1
1039	921	1
1175	921	1
1770	921	1
1091	921	1
1897	922	1
1022	922	1
1177	922	1
1375	923	1
350	923	1
1178	923	1
1871	924	1
1179	924	1
1945	924	1
1408	925	1
1180	925	1
1998	925	1
1997	925	1
1638	926	1
1639	926	1
1182	926	1
1542	927	1
1183	927	1
1187	928	1
1807	928	1
1186	929	1
1531	929	1
1185	930	1
1465	930	1
1203	931	1
1184	931	1
1842	931	1
1191	932	1
1614	932	1
1079	932	1
1658	933	1
1081	933	1
1190	933	1
1584	933	1
1919	934	1
1189	934	1
1620	934	1
1115	935	1
1188	935	1
1732	936	1
1681	936	1
1195	936	1
2136	936	1
1858	937	1
1194	937	1
1731	938	1
1193	938	1
1728	939	1
1231	939	1
1192	939	1
2495	940	1
2279	940	1
1679	940	1
1199	940	1
1006	941	1
1198	941	1
1084	942	1
1181	942	1
1197	942	1
1081	943	1
1196	943	1
1202	944	1
2061	944	1
1221	945	1
1200	945	1
472	945	1
1201	946	1
1175	946	1
1108	946	1
1849	947	1
1206	947	1
2149	948	1
1204	948	1
781	948	1
31	948	1
1069	949	1
1210	949	1
1819	950	1
1207	950	1
1211	950	1
1121	950	1
1353	951	1
1540	951	1
1208	951	1
1205	952	1
1209	952	1
1156	953	1
1214	953	1
2007	954	1
1159	954	1
2005	954	1
1995	954	1
1709	954	1
1215	954	1
1212	955	1
2138	955	1
1938	956	1
1851	956	1
1040	956	1
863	956	1
1213	956	1
1375	957	1
1461	957	1
523	957	1
1373	958	1
2089	958	1
1407	959	1
1371	959	1
1370	960	1
2084	960	1
1161	960	1
1415	961	1
1369	961	1
1407	962	1
1368	962	1
1366	963	1
1060	963	1
1015	963	1
1407	964	1
1732	964	1
1365	964	1
1662	965	1
1363	965	1
1447	966	1
1362	966	1
1176	967	1
1906	967	1
1361	967	1
1658	968	1
1407	968	1
1732	968	1
1737	968	1
1736	968	1
1738	968	1
1360	968	1
1358	969	1
32	969	1
472	969	1
1359	970	1
1387	970	1
1356	971	1
1415	971	1
1369	971	1
1357	972	1
2084	972	1
1639	972	1
1354	973	1
1349	973	1
1986	974	1
1351	974	1
1348	975	1
1501	975	1
2069	976	1
1346	976	1
1485	977	1
1347	977	1
1927	978	1
1292	978	1
1890	978	1
1383	978	1
1345	978	1
1405	979	1
1925	979	1
1777	979	1
1175	979	1
1039	979	1
1108	979	1
1091	979	1
1404	980	1
1149	980	1
1972	981	1
1401	981	1
2020	981	1
1971	981	1
1400	982	1
1971	982	1
2023	983	1
1403	983	1
1114	984	1
1396	984	1
1972	985	1
2020	985	1
1971	985	1
1399	985	1
678	986	1
2137	986	1
1538	986	1
1395	986	1
1897	987	1
1394	987	1
1221	988	1
1388	988	1
1389	989	1
1438	989	1
1391	990	1
1084	990	1
1384	991	1
472	991	1
1385	992	1
1387	992	1
1386	993	1
2175	993	1
1176	993	1
1407	994	1
1381	994	1
1638	995	1
1376	995	1
1639	995	1
1447	996	1
1378	996	1
1745	997	1
1681	997	1
1381	997	1
1060	997	1
1015	997	1
1379	997	1
1307	998	1
1419	998	1
2082	999	1
1306	999	1
1305	1000	1
1474	1000	1
1304	1001	1
1520	1001	1
1311	1002	1
1484	1002	1
1310	1003	1
1038	1003	1
1041	1003	1
2050	1004	1
1919	1004	1
1309	1004	1
1919	1005	1
1771	1005	1
1299	1005	1
1466	1005	1
1297	1006	1
1893	1006	1
1853	1007	1
2019	1007	1
1296	1007	1
2658	1008	1
1903	1008	1
1126	1008	1
1533	1008	1
1303	1008	1
1047	1008	1
1152	1009	1
696	1009	1
1302	1009	1
2081	1010	1
1902	1010	1
1301	1010	1
2122	1011	1
1300	1011	1
1290	1012	1
2035	1012	1
1637	1012	1
1291	1013	1
1350	1013	1
1288	1014	1
1574	1014	1
1160	1014	1
1452	1014	1
1289	1015	1
1781	1015	1
1788	1015	1
1151	1016	1
1295	1016	1
1507	1016	1
2000	1017	1
1851	1017	1
1282	1017	1
888	1017	1
1679	1017	1
1999	1017	1
89	1017	1
32	1018	1
1767	1018	1
1283	1018	1
647	1018	1
781	1018	1
1741	1018	1
180	1018	1
31	1018	1
1575	1019	1
1281	1019	1
1424	1020	1
2051	1020	1
1504	1020	1
1981	1020	1
1286	1020	1
1705	1020	1
2658	1021	1
1903	1021	1
1126	1021	1
1533	1021	1
1287	1021	1
1047	1021	1
2043	1022	1
1284	1022	1
1643	1023	1
1265	1023	1
1417	1023	1
1285	1023	1
1337	1024	1
1864	1024	1
1005	1024	1
1832	1024	1
1006	1024	1
1587	1024	1
1336	1025	1
1518	1025	1
1338	1026	1
1871	1026	1
371	1026	1
1853	1027	1
1341	1027	1
1561	1028	1
1340	1028	1
1274	1028	1
1107	1028	1
1154	1029	1
1343	1029	1
1517	1029	1
1439	1029	1
1342	1030	1
2057	1030	1
2009	1030	1
2084	1031	1
1329	1031	1
1328	1032	1
1978	1032	1
1248	1033	1
1331	1033	1
1154	1034	1
1517	1034	1
1330	1034	1
1439	1034	1
1339	1035	1
2051	1035	1
2006	1035	1
2113	1035	1
1333	1035	1
1518	1036	1
1332	1036	1
1805	1037	1
1700	1037	1
1335	1037	1
2081	1038	1
1334	1038	1
1320	1039	1
1523	1039	1
1321	1040	1
1647	1040	1
1322	1041	1
1647	1041	1
1563	1041	1
1323	1042	1
1227	1042	1
1324	1043	1
1523	1043	1
1684	1044	1
1325	1044	1
1684	1045	1
1326	1045	1
1840	1045	1
1668	1046	1
1663	1046	1
1544	1046	1
1327	1046	1
829	1046	1
1797	1046	1
1991	1047	1
1312	1047	1
2594	1048	1
1313	1048	1
1396	1049	1
1314	1049	1
1658	1050	1
1407	1050	1
1732	1050	1
1737	1050	1
1736	1050	1
1738	1050	1
1315	1050	1
1585	1050	1
1626	1051	1
1811	1051	1
1316	1051	1
1407	1052	1
1317	1052	1
1109	1053	1
1095	1053	1
1318	1053	1
1638	1054	1
1319	1054	1
1494	1055	1
1313	1055	1
1495	1056	1
1578	1056	1
202	1056	1
109	1056	1
1137	1056	1
1492	1057	1
1036	1057	1
1055	1057	1
1864	1058	1
32	1058	1
1490	1058	1
219	1058	1
877	1058	1
2053	1059	1
1097	1059	1
1491	1059	1
1710	1059	1
1032	1060	1
2004	1060	1
1488	1060	1
1931	1060	1
1795	1060	1
1032	1061	1
1646	1061	1
1489	1061	1
962	1061	1
1502	1062	1
1503	1062	1
1878	1062	1
1500	1063	1
1501	1063	1
2140	1064	1
131	1064	1
1499	1064	1
1734	1065	1
1496	1065	1
1479	1066	1
442	1066	1
1529	1066	1
1691	1066	1
1477	1067	1
1415	1067	1
1369	1067	1
1792	1067	1
1474	1068	1
1473	1068	1
1472	1069	1
1784	1069	1
1760	1070	1
1487	1070	1
1037	1071	1
1486	1071	1
1483	1072	1
1675	1072	1
1087	1073	1
1481	1073	1
1480	1073	1
1524	1074	1
1780	1074	1
1525	1075	1
1019	1075	1
1520	1076	1
1519	1076	1
1522	1077	1
1047	1077	1
2659	1078	1
442	1078	1
1802	1078	1
1532	1078	1
2659	1079	1
1533	1079	1
1047	1079	1
1444	1080	1
1535	1080	1
1025	1081	1
1528	1081	1
1078	1081	1
1529	1082	1
1691	1082	1
3022	1083	1
2170	1083	1
3306	1083	1
2655	1083	1
1530	1083	1
1579	1084	1
1531	1084	1
1151	1085	1
1509	1085	1
1688	1085	1
1510	1086	1
616	1086	1
1505	1087	1
1380	1087	1
1151	1088	1
1507	1088	1
1506	1089	1
1244	1089	1
1069	1090	1
1516	1090	1
2283	1091	1
1519	1091	1
430	1092	1
1711	1092	1
1513	1092	1
1169	1093	1
1708	1093	1
1512	1093	1
1728	1094	1
1990	1094	1
1980	1094	1
1231	1094	1
1242	1094	1
1515	1094	1
1711	1095	1
285	1095	1
1514	1095	1
1426	1096	1
1175	1096	1
1108	1096	1
1424	1097	1
2051	1097	1
1430	1098	1
1429	1098	1
1431	1099	1
1863	1099	1
1546	1100	1
1428	1100	1
1726	1100	1
1014	1100	1
1434	1101	1
2152	1101	1
1435	1102	1
1437	1102	1
1417	1103	1
1432	1103	1
1204	1104	1
1433	1104	1
2152	1104	1
1436	1105	1
1437	1105	1
1375	1106	1
1411	1106	1
1410	1107	1
1958	1107	1
1682	1107	1
430	1107	1
1711	1107	1
1513	1107	1
1409	1108	1
430	1108	1
1408	1109	1
1682	1109	1
1415	1110	1
1369	1110	1
1413	1111	1
1344	1111	1
1412	1112	1
1616	1112	1
1726	1113	1
1418	1113	1
1501	1113	1
1014	1113	1
1415	1114	1
1369	1114	1
1416	1114	1
1135	1115	1
1656	1115	1
1917	1115	1
2007	1115	1
1543	1115	1
1423	1115	1
706	1116	1
1421	1116	1
1461	1117	1
523	1117	1
629	1118	1
1159	1118	1
1462	1118	1
2005	1118	1
1463	1119	1
1380	1119	1
2053	1120	1
1464	1120	1
1461	1121	1
1465	1121	1
523	1121	1
1466	1122	1
1879	1122	1
1468	1123	1
1469	1123	1
2495	1124	1
2279	1124	1
1679	1124	1
1470	1124	1
1479	1125	1
1016	1125	1
1441	1125	1
1440	1125	1
1445	1125	1
1084	1125	1
1479	1126	1
1016	1126	1
1440	1126	1
1445	1126	1
1084	1126	1
1892	1126	1
1048	1127	1
1443	1127	1
1102	1128	1
1442	1128	1
1406	1129	1
1446	1129	1
1447	1130	1
1449	1130	1
1447	1131	1
1448	1131	1
1353	1132	1
1450	1132	1
1979	1132	1
2003	1133	1
1619	1133	1
1453	1133	1
1274	1134	1
1455	1134	1
1471	1135	1
1046	1135	1
1454	1135	1
1642	1136	1
1755	1136	1
1643	1137	1
555	1137	1
1640	1138	1
1510	1138	1
1674	1138	1
1032	1139	1
1646	1139	1
1973	1140	1
1644	1140	1
1852	1141	1
1634	1141	1
379	1141	1
2084	1142	1
1638	1142	1
1639	1142	1
1638	1143	1
1639	1143	1
1754	1144	1
1636	1144	1
1048	1145	1
1039	1145	1
58	1145	1
1637	1145	1
1659	1146	1
1407	1146	1
1732	1146	1
1658	1147	1
1733	1147	1
1732	1147	1
1657	1148	1
1834	1148	1
1526	1149	1
1662	1149	1
1661	1149	1
1480	1149	1
1151	1150	1
1660	1150	1
1384	1151	1
1651	1151	1
1650	1151	1
647	1151	1
781	1151	1
180	1151	1
31	1151	1
568	1151	1
1384	1152	1
1650	1152	1
1187	1153	1
2051	1153	1
1462	1153	1
1649	1153	1
1557	1154	1
1648	1154	1
1655	1155	1
1788	1155	1
1080	1156	1
1824	1156	1
3263	1156	1
1652	1156	1
1608	1157	1
1897	1157	1
1609	1158	1
58	1158	1
1393	1158	1
1091	1158	1
1973	1159	1
1102	1159	1
1610	1159	1
1611	1160	1
1311	1160	1
1612	1161	1
2156	1161	1
1613	1162	1
1707	1162	1
1048	1163	1
1614	1163	1
1600	1163	1
1615	1164	1
1616	1164	1
1600	1165	1
1601	1165	1
1079	1165	1
1449	1166	1
1603	1166	1
1879	1167	1
1604	1167	1
1207	1168	1
1605	1168	1
1607	1168	1
1121	1168	1
1380	1169	1
1606	1169	1
1207	1170	1
1121	1170	1
1607	1170	1
1625	1171	1
1550	1171	1
1904	1171	1
1624	1172	1
1818	1172	1
1425	1173	1
1629	1173	1
1950	1173	1
1753	1173	1
1754	1173	1
1730	1174	1
1628	1174	1
1154	1175	1
1630	1175	1
1586	1175	1
1617	1176	1
1876	1176	1
1821	1177	1
1618	1177	1
1706	1177	1
1582	1178	1
1525	1178	1
1583	1179	1
1854	1179	1
1392	1179	1
1101	1180	1
1580	1180	1
2106	1180	1
1576	1181	1
1878	1181	1
1783	1182	1
1936	1182	1
1577	1182	1
2007	1183	1
1159	1183	1
2005	1183	1
1572	1183	1
1917	1184	1
1573	1184	1
1474	1185	1
1602	1185	1
1570	1185	1
1474	1186	1
1571	1186	1
1936	1187	1
1568	1187	1
1599	1188	1
1598	1188	1
1598	1189	1
1005	1189	1
1597	1190	1
1596	1190	1
1595	1191	1
1594	1191	1
1593	1191	1
1693	1191	1
1595	1192	1
1593	1192	1
1592	1193	1
1381	1193	1
2053	1194	1
1464	1194	1
1591	1194	1
1590	1194	1
1457	1195	1
1129	1195	1
1589	1195	1
35	1196	1
1588	1196	1
1587	1196	1
1198	1196	1
1006	1197	1
1587	1197	1
1473	1198	1
1586	1198	1
1986	1199	1
1658	1199	1
1407	1199	1
1732	1199	1
1585	1199	1
1658	1200	1
1081	1200	1
1732	1200	1
1737	1200	1
1315	1200	1
1360	1200	1
1584	1200	1
1548	1201	1
1547	1201	1
1549	1202	1
1194	1202	1
1967	1202	1
1625	1203	1
1018	1203	1
1550	1203	1
979	1203	1
1458	1204	1
1551	1204	1
1169	1205	1
1545	1205	1
1546	1206	1
1726	1206	1
1014	1206	1
1353	1207	1
1540	1207	1
1223	1208	1
1800	1208	1
1541	1208	1
1542	1208	1
1424	1209	1
2051	1209	1
1543	1209	1
1444	1210	1
1536	1210	1
1039	1211	1
58	1211	1
2120	1211	1
1537	1211	1
1565	1212	1
1564	1212	1
1567	1213	1
1387	1213	1
1565	1214	1
1566	1214	1
1687	1215	1
1560	1215	1
1760	1216	1
1562	1216	1
1557	1217	1
1556	1217	1
1559	1218	1
1558	1218	1
1865	1219	1
1553	1219	1
1149	1220	1
1552	1220	1
1832	1221	1
1555	1221	1
1554	1221	1
1555	1222	1
1554	1222	1
1762	1223	1
1527	1223	1
185	1223	1
1461	1223	1
749	1223	1
1465	1223	1
1034	1224	1
1760	1224	1
1364	1224	1
2015	1224	1
1947	1224	1
1767	1225	1
1741	1225	1
1766	1226	1
1422	1226	1
1547	1227	1
1764	1227	1
1771	1228	1
1421	1228	1
1772	1228	1
1039	1229	1
58	1229	1
1770	1229	1
1769	1230	1
1768	1230	1
1782	1231	1
1775	1231	1
1615	1232	1
1774	1232	1
1627	1233	1
1773	1233	1
1771	1234	1
1772	1234	1
1778	1235	1
2049	1235	1
1794	1235	1
1048	1236	1
1776	1236	1
2035	1236	1
1777	1236	1
1782	1237	1
1461	1237	1
1783	1238	1
1936	1238	1
1781	1239	1
1788	1239	1
1786	1240	1
1757	1240	1
1929	1240	1
1928	1240	1
2023	1241	1
1787	1241	1
1785	1241	1
1757	1241	1
1929	1241	1
1928	1241	1
1790	1242	1
1788	1242	1
1916	1243	1
1848	1243	1
2023	1243	1
1791	1243	1
1929	1243	1
1928	1243	1
2067	1244	1
781	1244	1
31	1244	1
1166	1244	1
1789	1244	1
1728	1245	1
1817	1245	1
1798	1245	1
1367	1245	1
1729	1246	1
1730	1246	1
1407	1247	1
1733	1247	1
1407	1248	1
1733	1248	1
1732	1248	1
1986	1249	1
1735	1249	1
1407	1250	1
1734	1250	1
1658	1251	1
1407	1251	1
1732	1251	1
1737	1251	1
1736	1251	1
1738	1251	1
1658	1252	1
1732	1252	1
1737	1252	1
1736	1252	1
1494	1253	1
1844	1253	1
1739	1253	1
1843	1253	1
1658	1254	1
1407	1254	1
1732	1254	1
1736	1254	1
1738	1254	1
32	1255	1
1741	1255	1
1919	1256	1
1740	1256	1
1080	1257	1
1743	1257	1
1741	1258	1
13	1258	1
1742	1258	1
1745	1259	1
1734	1259	1
1072	1259	1
1410	1260	1
1746	1260	1
1747	1261	1
1497	1261	1
1987	1262	1
1985	1262	1
868	1262	1
1748	1262	1
1631	1262	1
679	1262	1
678	1262	1
2137	1262	1
1721	1262	1
1136	1262	1
1749	1263	1
1210	1263	1
1516	1263	1
1751	1264	1
1262	1264	1
2107	1265	1
1752	1265	1
1387	1266	1
1758	1266	1
1387	1267	1
1759	1267	1
327	1268	1
1702	1268	1
1511	1269	1
1701	1269	1
1805	1270	1
1700	1270	1
1699	1271	1
1930	1271	1
3124	1271	1
1698	1272	1
1697	1272	1
430	1273	1
1711	1273	1
970	1274	1
1064	1274	1
2211	1274	1
1708	1274	1
2081	1275	1
1917	1275	1
1706	1275	1
1471	1275	1
1046	1275	1
2081	1276	1
1706	1276	1
1705	1276	1
1471	1276	1
1046	1276	1
1703	1277	1
2050	1277	1
1704	1277	1
1718	1278	1
1730	1278	1
1717	1278	1
1719	1279	1
1069	1279	1
1409	1280	1
1407	1280	1
1716	1280	1
1718	1281	1
1717	1281	1
1714	1282	1
1224	1282	1
292	1283	1
1715	1283	1
617	1283	1
2687	1283	1
1274	1283	1
1712	1284	1
1224	1284	1
1713	1285	1
1224	1285	1
1968	1286	1
1726	1286	1
1298	1286	1
1375	1287	1
1727	1287	1
1101	1288	1
442	1288	1
2106	1288	1
1724	1288	1
1529	1288	1
279	1289	1
38	1289	1
80	1289	1
219	1289	1
1678	1289	1
1725	1289	1
877	1289	1
1255	1290	1
1920	1290	1
430	1290	1
994	1290	1
1722	1290	1
1645	1291	1
1720	1291	1
1669	1292	1
1561	1292	1
1274	1292	1
1861	1292	1
1821	1293	1
1670	1293	1
1665	1294	1
781	1294	1
1664	1295	1
1921	1295	1
1874	1295	1
1035	1296	1
1667	1296	1
1035	1297	1
1666	1297	1
1109	1298	1
1677	1298	1
1095	1298	1
1676	1299	1
856	1299	1
22	1300	1
1679	1300	1
1391	1301	1
1673	1301	1
1671	1302	1
1672	1302	1
1122	1303	1
1675	1303	1
1103	1304	1
1960	1304	1
1674	1304	1
1684	1305	1
1685	1305	1
1879	1305	1
1686	1306	1
1600	1306	1
1048	1307	1
1476	1307	1
1680	1307	1
1038	1307	1
1412	1307	1
1041	1307	1
1043	1307	1
1732	1308	1
1681	1308	1
2136	1308	1
1039	1309	1
1683	1309	1
58	1309	1
1637	1309	1
1149	1310	1
1534	1310	1
1688	1310	1
1391	1311	1
1689	1311	1
1909	1312	1
1690	1312	1
1696	1313	1
1691	1313	1
1913	1314	1
1084	1314	1
1763	1315	1
1912	1315	1
1925	1315	1
1911	1315	1
1941	1316	1
1919	1316	1
1919	1317	1
1918	1317	1
1373	1318	1
1905	1318	1
1023	1319	1
1908	1319	1
1478	1320	1
1910	1320	1
1896	1321	1
647	1321	1
781	1321	1
1898	1322	1
2970	1322	1
1177	1322	1
1899	1323	1
1900	1323	1
423	1323	1
1923	1324	1
1902	1324	1
1903	1325	1
1047	1325	1
1718	1326	1
1888	1326	1
1889	1326	1
2917	1327	1
1890	1327	1
1383	1327	1
1126	1328	1
1892	1328	1
1047	1328	1
1691	1328	1
1117	1329	1
1352	1329	1
1635	1329	1
1044	1329	1
1894	1329	1
1895	1329	1
957	1330	1
1894	1330	1
1895	1330	1
1882	1331	1
1344	1331	1
1132	1332	1
1647	1332	1
1886	1332	1
1885	1332	1
1884	1332	1
1647	1333	1
1884	1333	1
1744	1334	1
1148	1334	1
1875	1334	1
1870	1335	1
1920	1335	1
1874	1335	1
1032	1336	1
1489	1336	1
1873	1336	1
1179	1337	1
1872	1337	1
2082	1338	1
769	1338	1
1877	1338	1
1024	1339	1
1876	1339	1
1867	1340	1
1868	1340	1
1102	1341	1
1865	1341	1
2697	1342	1
1868	1342	1
1869	1343	1
1857	1343	1
1653	1343	1
340	1344	1
1858	1344	1
1859	1344	1
1921	1345	1
1856	1345	1
1858	1346	1
1860	1346	1
1761	1347	1
1855	1347	1
1293	1347	1
1854	1348	1
1919	1348	1
1459	1349	1
1851	1349	1
863	1349	1
1849	1350	1
1850	1350	1
3125	1350	1
1845	1351	1
1694	1351	1
2049	1352	1
2050	1352	1
1847	1352	1
2050	1353	1
1424	1353	1
2001	1353	1
1846	1353	1
1102	1354	1
1841	1354	1
1610	1355	1
1843	1355	1
1203	1356	1
1842	1356	1
1836	1357	1
1756	1357	1
1836	1358	1
1837	1358	1
1839	1358	1
1184	1358	1
1756	1358	1
1838	1359	1
1839	1359	1
1184	1359	1
1835	1359	1
1756	1359	1
1833	1360	1
1834	1360	1
1839	1361	1
1835	1361	1
1696	1362	1
2140	1362	1
1635	1362	1
1829	1362	1
1044	1362	1
3038	1363	1
1830	1363	1
1603	1363	1
1831	1364	1
1690	1364	1
1080	1365	1
1824	1365	1
3263	1365	1
57	1366	1
1513	1366	1
1825	1366	1
1949	1367	1
1826	1367	1
1524	1368	1
1827	1368	1
1823	1369	1
1407	1369	1
1822	1370	1
1227	1370	1
1820	1371	1
1995	1371	1
1561	1372	1
1819	1372	1
1207	1372	1
1257	1372	1
1121	1372	1
1816	1373	1
1692	1373	1
1815	1374	1
1529	1374	1
1691	1374	1
2958	1375	1
2956	1375	1
2264	1375	1
1814	1375	1
1813	1375	1
1728	1376	1
1065	1376	1
1901	1376	1
1919	1376	1
1765	1376	1
1231	1376	1
796	1376	1
1812	1376	1
1641	1377	1
1695	1377	1
1811	1377	1
1223	1378	1
2848	1378	1
1800	1378	1
1808	1378	1
1806	1379	1
1807	1379	1
2146	1379	1
1805	1380	1
344	1380	1
1852	1381	1
442	1381	1
1802	1381	1
1634	1381	1
1633	1381	1
1139	1381	1
2169	1381	1
1803	1382	1
1377	1382	1
1801	1383	1
2154	1383	1
1794	1384	1
1795	1384	1
796	1385	1
1795	1385	1
1793	1385	1
2032	1386	1
1350	1386	1
1013	1386	1
2033	1387	1
2050	1387	1
2034	1387	1
2051	1387	1
1981	1387	1
1904	1387	1
2050	1388	1
2034	1388	1
2051	1388	1
1981	1388	1
1904	1388	1
1375	1389	1
2036	1389	1
1476	1390	1
2037	1390	1
1308	1390	1
1042	1390	1
1120	1390	1
2038	1391	1
1308	1391	1
3229	1391	1
2039	1392	1
2040	1392	1
1525	1393	1
2042	1393	1
1255	1394	1
1581	1394	1
1367	1394	1
1278	1394	1
2044	1394	1
1223	1395	1
1800	1395	1
2665	1395	1
2275	1395	1
2045	1395	1
1467	1396	1
2046	1396	1
2016	1397	1
1034	1397	1
2015	1397	1
2019	1398	1
617	1398	1
2017	1399	1
2018	1399	1
2021	1400	1
1279	1400	1
2023	1401	1
1929	1401	1
1237	1402	1
2119	1402	1
1802	1402	1
1446	1402	1
1726	1402	1
2025	1402	1
1059	1402	1
1501	1402	1
1047	1402	1
1014	1402	1
1919	1403	1
2024	1403	1
1094	1404	1
2027	1404	1
1638	1404	1
1978	1404	1
2053	1405	1
2026	1405	1
2041	1406	1
1012	1406	1
2029	1406	1
2041	1407	1
1012	1407	1
2030	1407	1
2002	1408	1
2050	1408	1
2003	1409	1
2004	1409	1
1471	1409	1
1046	1409	1
2000	1410	1
1851	1410	1
888	1410	1
1679	1410	1
89	1410	1
1977	1410	1
2006	1411	1
2007	1411	1
1462	1411	1
2111	1411	1
2051	1412	1
2007	1412	1
1627	1413	1
2010	1413	1
1093	1413	1
1773	1413	1
2009	1414	1
1436	1414	1
1531	1414	1
2014	1415	1
1639	1415	1
2016	1416	1
1034	1416	1
2015	1416	1
2011	1417	1
2012	1417	1
1880	1418	1
2011	1418	1
2012	1418	1
1480	1418	1
2013	1418	1
1987	1419	1
309	1419	1
9	1419	1
1986	1420	1
1733	1420	1
1732	1420	1
1985	1421	1
679	1421	1
678	1421	1
1389	1422	1
1984	1422	1
1989	1423	1
1876	1423	1
1989	1424	1
1988	1424	1
1692	1425	1
1994	1425	1
1816	1426	1
1692	1426	1
1993	1426	1
1896	1427	1
1665	1427	1
781	1427	1
1992	1427	1
180	1427	1
31	1427	1
1851	1428	1
888	1428	1
89	1428	1
1999	1428	1
1998	1429	1
1996	1429	1
1998	1430	1
1997	1430	1
1972	1431	1
1971	1431	1
1974	1432	1
1976	1432	1
1975	1433	1
1810	1433	1
1978	1433	1
1973	1434	1
1969	1434	1
2161	1434	1
863	1434	1
1130	1435	1
906	1435	1
1970	1435	1
863	1435	1
1375	1436	1
1461	1436	1
1980	1436	1
1424	1437	1
2051	1437	1
1144	1437	1
1981	1437	1
1543	1437	1
1471	1437	1
1046	1437	1
2035	1438	1
58	1438	1
1982	1438	1
1389	1439	1
1983	1439	1
1438	1439	1
1358	1440	1
1280	1440	1
1977	1440	1
1638	1441	1
1978	1441	1
1980	1442	1
1979	1442	1
1957	1443	1
1384	1443	1
2003	1444	1
1956	1444	1
1471	1444	1
1046	1444	1
1959	1445	1
1103	1445	1
355	1445	1
1960	1445	1
1674	1445	1
1148	1446	1
1953	1446	1
1952	1447	1
1851	1447	1
888	1447	1
554	1447	1
2003	1448	1
2081	1448	1
1955	1448	1
1471	1448	1
1046	1448	1
1761	1449	1
1293	1449	1
1954	1449	1
1973	1450	1
2050	1450	1
1204	1450	1
1965	1450	1
1224	1450	1
1138	1450	1
2122	1450	1
1067	1451	1
1964	1451	1
1056	1451	1
1858	1452	1
1967	1452	1
1354	1453	1
1904	1453	1
1349	1453	1
1966	1453	1
1152	1454	1
696	1454	1
1961	1454	1
1067	1455	1
1056	1455	1
1963	1455	1
1067	1456	1
1056	1456	1
1962	1456	1
1942	1457	1
1407	1457	1
1940	1458	1
1084	1458	1
2	1459	1
1130	1459	1
1938	1459	1
1851	1459	1
863	1459	1
1936	1460	1
1937	1460	1
1950	1461	1
1753	1461	1
1754	1461	1
1082	1462	1
1600	1462	1
1951	1462	1
1760	1463	1
1948	1463	1
1950	1464	1
1949	1464	1
1186	1465	1
1871	1465	1
1946	1465	1
1945	1465	1
1760	1466	1
1364	1466	1
1947	1466	1
1062	1467	1
1944	1467	1
1887	1468	1
1871	1468	1
1471	1468	1
1046	1468	1
1945	1468	1
1927	1469	1
2081	1469	1
1407	1470	1
1924	1470	1
2150	1471	1
2065	1471	1
1665	1471	1
1475	1471	1
2162	1471	1
1922	1471	1
1992	1471	1
781	1471	1
554	1471	1
180	1471	1
1420	1471	1
1921	1472	1
1920	1472	1
1525	1473	1
173	1473	1
1935	1473	1
866	1474	1
1676	1474	1
1934	1474	1
1422	1474	1
1505	1475	1
1933	1475	1
1080	1476	1
1932	1476	1
1294	1477	1
1931	1477	1
2023	1478	1
1929	1478	1
1928	1478	1
2200	1479	1
2594	1479	1
2201	1480	1
2180	1480	1
32	1481	1
2203	1481	1
2763	1482	1
2205	1482	1
2266	1482	1
2192	1483	1
2500	1483	1
2547	1483	1
2237	1484	1
1432	1484	1
2194	1484	1
2657	1485	1
2195	1485	1
2282	1486	1
2199	1486	1
2177	1487	1
1909	1487	1
1690	1487	1
2050	1488	1
1919	1488	1
2160	1488	1
2176	1488	1
2078	1488	1
2591	1489	1
2179	1489	1
2737	1489	1
2936	1490	1
2181	1490	1
2183	1491	1
2513	1491	1
649	1492	1
2866	1492	1
1013	1492	1
2182	1492	1
2235	1493	1
3053	1493	1
3052	1493	1
2238	1494	1
3274	1494	1
3017	1495	1
2239	1495	1
2812	1496	1
2227	1496	1
2492	1497	1
2265	1497	1
3172	1497	1
2224	1497	1
2559	1498	1
3023	1498	1
2225	1498	1
3270	1499	1
2346	1499	1
2231	1499	1
2845	1500	1
2228	1500	1
2217	1501	1
3045	1501	1
2509	1502	1
2216	1502	1
2222	1503	1
472	1503	1
2220	1504	1
3152	1504	1
3086	1505	1
2211	1505	1
2210	1506	1
2196	1506	1
2209	1507	1
3213	1507	1
184	1508	1
2208	1508	1
3236	1509	1
2215	1509	1
2741	1510	1
2214	1510	1
2696	1511	1
2213	1511	1
2268	1512	1
2777	1512	1
2822	1513	1
2269	1513	1
2270	1514	1
3072	1514	1
2376	1514	1
2271	1515	1
3052	1515	1
2267	1516	1
557	1516	1
2895	1516	1
2300	1517	1
355	1517	1
2260	1517	1
2261	1518	1
3125	1518	1
1421	1518	1
2555	1519	1
2256	1519	1
3208	1520	1
1635	1520	1
2258	1520	1
2252	1521	1
2956	1521	1
3174	1521	1
2255	1522	1
2520	1522	1
2300	1523	1
2254	1523	1
2892	1523	1
2248	1524	1
3190	1524	1
3189	1524	1
2798	1525	1
2250	1525	1
2245	1526	1
1635	1526	1
2214	1526	1
3036	1527	1
2247	1527	1
2246	1528	1
302	1528	1
3191	1529	1
2241	1529	1
3115	1530	1
2240	1530	1
2302	1531	1
2918	1531	1
2301	1532	1
2893	1532	1
2298	1533	1
3255	1533	1
2833	1534	1
2296	1534	1
3162	1534	1
1544	1535	1
2294	1535	1
2775	1535	1
3194	1536	1
2295	1536	1
2831	1537	1
2292	1537	1
2970	1538	1
280	1538	1
2293	1538	1
2795	1539	1
2290	1539	1
3049	1540	1
2291	1540	1
3216	1541	1
2288	1541	1
2287	1542	1
2833	1542	1
2286	1543	1
2616	1543	1
2303	1544	1
2285	1544	1
2284	1545	1
3145	1545	1
2283	1546	1
2647	1546	1
856	1546	1
2537	1547	1
2281	1547	1
2751	1548	1
2280	1548	1
906	1549	1
2279	1549	1
2278	1550	1
3030	1550	1
2277	1551	1
2844	1551	1
3086	1552	1
2211	1552	1
1708	1552	1
2276	1552	1
2778	1553	1
3008	1553	1
2273	1553	1
2604	1554	1
2653	1554	1
2272	1554	1
2065	1555	1
1020	1555	1
647	1555	1
781	1555	1
2092	1555	1
31	1555	1
2067	1556	1
1166	1556	1
2065	1557	1
2066	1557	1
1475	1557	1
2069	1558	1
2070	1558	1
1723	1558	1
1407	1559	1
2071	1559	1
1456	1560	1
2053	1560	1
2055	1560	1
1828	1560	1
2073	1560	1
1710	1560	1
1879	1560	1
2099	1561	1
2072	1561	1
1600	1562	1
2075	1562	1
1679	1563	1
2074	1563	1
89	1563	1
1926	1564	1
2050	1564	1
2076	1564	1
1583	1565	1
1930	1565	1
2079	1565	1
2048	1566	1
2047	1566	1
2049	1567	1
2050	1567	1
1820	1567	1
1907	1567	1
2050	1568	1
2051	1568	1
1897	1569	1
2052	1569	1
2146	1570	1
2055	1570	1
2056	1570	1
2056	1571	1
2057	1571	1
1702	1572	1
2058	1572	1
1115	1573	1
2059	1573	1
1115	1574	1
2060	1574	1
1357	1575	1
2062	1575	1
2127	1576	1
2063	1576	1
1728	1577	1
2098	1577	1
1231	1577	1
1169	1578	1
2097	1578	1
2096	1579	1
1919	1579	1
2103	1580	1
2102	1580	1
2101	1580	1
1883	1581	1
2102	1581	1
2100	1582	1
1224	1582	1
1169	1583	1
1752	1583	1
2107	1583	1
1115	1584	1
2085	1584	1
219	1584	1
2105	1584	1
877	1584	1
1144	1585	1
2104	1585	1
1104	1585	1
2007	1586	1
2111	1586	1
2110	1586	1
2007	1587	1
2110	1587	1
1799	1588	1
2109	1588	1
2108	1588	1
2082	1589	1
906	1589	1
267	1589	1
2083	1590	1
32	1590	1
2084	1590	1
2080	1591	1
2022	1591	1
1382	1591	1
1518	1591	1
2087	1592	1
2088	1592	1
2084	1593	1
1161	1593	1
2091	1594	1
2031	1594	1
2086	1595	1
2090	1595	1
2088	1595	1
1016	1596	1
1084	1596	1
1398	1596	1
2094	1596	1
1919	1597	1
2095	1597	1
1773	1598	1
2093	1598	1
2133	1599	1
1102	1599	1
2135	1600	1
406	1600	1
1512	1600	1
1102	1601	1
2134	1601	1
2128	1602	1
2127	1602	1
2132	1603	1
2131	1603	1
2130	1603	1
964	1603	1
1372	1604	1
2141	1604	1
1117	1605	1
1635	1605	1
2140	1605	1
1482	1605	1
1044	1605	1
2142	1606	1
2136	1606	1
1407	1607	1
2136	1607	1
1017	1608	1
1621	1608	1
2139	1608	1
1622	1609	1
2138	1609	1
2116	1610	1
1069	1610	1
2117	1611	1
1311	1611	1
1484	1611	1
1033	1612	1
2118	1612	1
1151	1613	1
2119	1613	1
1243	1613	1
2051	1614	1
2112	1614	1
2007	1614	1
2113	1614	1
1981	1614	1
1194	1614	1
1967	1614	1
2111	1614	1
2114	1615	1
1122	1615	1
1919	1616	1
2115	1616	1
1771	1617	1
2124	1617	1
1772	1617	1
1350	1618	1
2125	1618	1
1495	1619	1
202	1619	1
2126	1619	1
109	1619	1
1427	1620	1
1451	1620	1
2120	1620	1
1269	1621	1
2121	1621	1
1052	1622	1
2122	1622	1
2176	1623	1
2123	1623	1
2167	1624	1
3022	1624	1
2170	1624	1
3306	1624	1
2655	1624	1
2166	1625	1
1635	1625	1
1044	1625	1
2165	1626	1
2164	1626	1
2163	1627	1
2147	1627	1
2082	1628	1
906	1628	1
2162	1628	1
554	1628	1
1973	1629	1
2161	1629	1
1919	1630	1
2160	1630	1
1176	1631	1
2175	1631	1
2175	1632	1
1176	1632	1
2174	1632	1
2173	1633	1
2172	1633	1
1102	1634	1
2172	1634	1
1102	1635	1
2171	1635	1
1852	1636	1
442	1636	1
1633	1636	1
1139	1636	1
2169	1636	1
1867	1637	1
2168	1637	1
1375	1638	1
2150	1638	1
1990	1638	1
1980	1638	1
647	1638	1
781	1638	1
31	1638	1
2151	1639	1
2149	1639	1
647	1639	1
2148	1640	1
2138	1640	1
2149	1641	1
1919	1641	1
1914	1642	1
2144	1642	1
2143	1642	1
2145	1643	1
2143	1643	1
770	1644	1
2158	1644	1
1417	1644	1
1085	1645	1
2159	1645	1
1612	1646	1
2156	1646	1
1834	1647	1
2155	1647	1
1919	1648	1
1204	1648	1
2152	1648	1
1813	1649	1
2153	1649	1
2443	1650	1
2260	1650	1
2700	1651	1
2442	1651	1
856	1651	1
3108	1651	1
2672	1652	1
2440	1652	1
2526	1653	1
2447	1653	1
366	1653	1
2446	1654	1
2707	1654	1
2445	1655	1
3168	1655	1
3291	1655	1
3169	1655	1
2444	1656	1
3241	1656	1
3219	1657	1
2434	1657	1
3032	1658	1
2785	1658	1
2433	1658	1
2524	1659	1
2432	1659	1
2814	1660	1
2712	1660	1
2439	1660	1
3245	1660	1
2421	1661	1
3287	1661	1
3166	1661	1
2438	1661	1
673	1661	1
3241	1662	1
2436	1662	1
2458	1663	1
2318	1663	1
2459	1664	1
2830	1664	1
2625	1665	1
2457	1665	1
2553	1665	1
2345	1665	1
3229	1665	1
2462	1666	1
682	1666	1
2791	1666	1
2460	1667	1
3155	1667	1
1668	1668	1
2203	1668	1
1544	1668	1
80	1668	1
3163	1668	1
2461	1668	1
829	1668	1
3154	1668	1
3029	1668	1
2450	1669	1
3076	1669	1
3277	1670	1
2451	1670	1
2658	1671	1
2659	1671	1
442	1671	1
2448	1671	1
2913	1672	1
2454	1672	1
2985	1673	1
2984	1673	1
2986	1673	1
2455	1673	1
2911	1674	1
2452	1674	1
2982	1675	1
2453	1675	1
2473	1676	1
2818	1676	1
2472	1677	1
2931	1677	1
2475	1678	1
2213	1678	1
2474	1679	1
2535	1679	1
2477	1680	1
2591	1680	1
2737	1680	1
2259	1680	1
2716	1681	1
2476	1681	1
2553	1682	1
2479	1682	1
3033	1683	1
2478	1683	1
3260	1683	1
279	1684	1
38	1684	1
2465	1684	1
2859	1684	1
374	1685	1
2464	1685	1
2670	1685	1
2869	1686	1
414	1686	1
2467	1686	1
2814	1687	1
2712	1687	1
2466	1687	1
2439	1687	1
3203	1688	1
3205	1688	1
2469	1688	1
1517	1689	1
2468	1689	1
2471	1689	1
2541	1690	1
2470	1690	1
2489	1691	1
2193	1691	1
2932	1692	1
2493	1692	1
2353	1693	1
2480	1693	1
3237	1694	1
2481	1694	1
2632	1695	1
2482	1695	1
2483	1696	1
286	1696	1
2944	1696	1
2246	1697	1
2484	1697	1
3126	1697	1
2907	1698	1
2485	1698	1
3126	1699	1
2486	1699	1
2511	1700	1
3053	1700	1
3052	1700	1
2303	1701	1
2507	1701	1
2506	1702	1
2695	1702	1
2505	1703	1
2198	1703	1
2956	1704	1
2504	1704	1
3037	1705	1
2502	1705	1
2501	1706	1
2334	1706	1
2696	1707	1
2499	1707	1
2932	1708	1
2498	1708	1
3295	1709	1
2496	1709	1
2526	1710	1
2811	1710	1
2527	1711	1
2733	1711	1
2525	1712	1
2805	1712	1
2518	1713	1
3109	1713	1
2517	1714	1
3109	1714	1
2222	1715	1
2514	1715	1
3034	1716	1
2541	1716	1
3203	1716	1
2233	1716	1
2540	1717	1
2186	1717	1
2813	1717	1
3043	1717	1
2543	1718	1
2542	1718	1
2542	1719	1
2903	1719	1
2712	1720	1
3021	1720	1
2533	1720	1
2712	1721	1
3021	1721	1
2532	1721	1
2536	1722	1
2535	1722	1
3126	1722	1
3021	1723	1
2532	1723	1
2534	1723	1
3003	1724	1
2528	1724	1
312	1725	1
2531	1725	1
312	1726	1
2531	1726	1
2530	1726	1
2556	1727	1
3111	1727	1
2557	1728	1
2362	1728	1
2558	1729	1
2522	1729	1
2727	1729	1
2554	1730	1
2786	1730	1
2785	1730	1
2599	1731	1
2549	1731	1
2349	1731	1
2550	1732	1
2982	1732	1
3139	1732	1
2997	1733	1
2544	1733	1
2997	1734	1
2545	1734	1
2185	1735	1
2307	1735	1
2262	1735	1
2304	1736	1
2190	1736	1
2305	1737	1
3031	1737	1
2310	1738	1
2539	1738	1
2311	1739	1
2246	1739	1
3126	1739	1
2308	1740	1
2832	1740	1
3271	1741	1
2935	1741	1
2309	1741	1
2314	1742	1
3158	1742	1
2312	1743	1
2289	1743	1
3292	1744	1
2319	1744	1
2769	1745	1
2316	1745	1
1005	1746	1
2317	1746	1
2322	1747	1
2631	1747	1
2320	1748	1
2879	1748	1
2878	1748	1
2327	1749	1
2212	1749	1
2596	1750	1
2595	1750	1
2326	1750	1
3176	1751	1
2325	1751	1
2244	1751	1
2833	1752	1
2324	1752	1
3281	1753	1
2331	1753	1
1668	1754	1
2329	1754	1
2335	1755	1
3168	1755	1
3291	1755	1
2956	1756	1
2333	1756	1
2997	1757	1
2332	1757	1
2337	1758	1
852	1758	1
3120	1758	1
2338	1759	1
2732	1759	1
3125	1759	1
2340	1760	1
379	1760	1
3165	1761	1
2341	1761	1
2342	1762	1
2227	1762	1
2343	1763	1
333	1763	1
2529	1763	1
3177	1764	1
2344	1764	1
2347	1765	1
3228	1765	1
2734	1766	1
3196	1766	1
2350	1766	1
2352	1767	1
3275	1767	1
2355	1768	1
2809	1768	1
2358	1768	1
2185	1769	1
2307	1769	1
2357	1769	1
2262	1769	1
2356	1770	1
2946	1770	1
2837	1771	1
2359	1771	1
2565	1772	1
2360	1772	1
2899	1773	1
2363	1773	1
461	1774	1
2362	1774	1
2928	1775	1
1790	1775	1
2364	1775	1
3190	1776	1
2367	1776	1
3286	1777	1
2366	1777	1
2374	1778	1
2694	1778	1
2423	1779	1
2372	1779	1
3141	1779	1
2836	1780	1
2371	1780	1
2368	1781	1
2518	1781	1
717	1782	1
2382	1782	1
3187	1782	1
2679	1783	1
2383	1783	1
796	1783	1
3287	1784	1
2380	1784	1
2629	1785	1
2381	1785	1
2503	1786	1
2378	1786	1
2379	1787	1
2685	1787	1
2391	1788	1
2246	1788	1
3126	1788	1
2390	1789	1
2942	1789	1
2388	1790	1
2754	1790	1
2387	1791	1
2787	1791	1
2386	1792	1
2687	1792	1
2385	1793	1
2873	1793	1
2817	1794	1
2384	1794	1
2226	1795	1
2399	1795	1
2398	1796	1
2395	1796	1
2679	1797	1
2397	1797	1
1744	1798	1
2395	1798	1
3210	1799	1
2394	1799	1
2782	1800	1
2393	1800	1
2490	1801	1
2220	1801	1
2392	1801	1
2404	1802	1
3173	1802	1
2405	1803	1
2961	1803	1
2406	1804	1
2554	1804	1
2786	1804	1
2407	1805	1
2317	1805	1
2400	1806	1
2977	1806	1
3304	1806	1
2341	1807	1
2401	1807	1
877	1807	1
726	1807	1
2321	1808	1
2402	1808	1
219	1808	1
877	1808	1
3032	1809	1
2554	1809	1
2403	1809	1
2786	1809	1
2785	1809	1
2742	1810	1
2412	1810	1
2413	1811	1
2263	1811	1
3134	1812	1
2414	1812	1
3258	1813	1
2415	1813	1
2580	1814	1
355	1814	1
2408	1814	1
2739	1815	1
2409	1815	1
2689	1816	1
2410	1816	1
3276	1817	1
2411	1817	1
2421	1818	1
2375	1818	1
1932	1818	1
673	1818	1
2420	1819	1
2931	1819	1
3044	1819	1
2422	1820	1
2884	1820	1
2416	1821	1
961	1821	1
3042	1821	1
2419	1822	1
2754	1822	1
2365	1822	1
3013	1822	1
2972	1823	1
2418	1823	1
3179	1824	1
2429	1824	1
3107	1824	1
2260	1825	1
2428	1825	1
3156	1826	1
875	1826	1
2430	1826	1
2888	1827	1
2425	1827	1
2424	1828	1
2213	1828	1
2441	1829	1
2426	1829	1
2748	1830	1
2749	1830	1
2734	1831	1
3196	1831	1
2249	1831	1
2747	1831	1
3299	1832	1
2744	1832	1
2834	1833	1
2745	1833	1
2260	1833	1
2725	1833	1
3079	1833	1
2738	1834	1
2259	1834	1
1529	1835	1
2739	1835	1
3048	1836	1
2736	1836	1
2810	1837	1
2735	1837	1
2988	1838	1
2731	1838	1
2730	1839	1
2570	1839	1
906	1840	1
2729	1840	1
3175	1840	1
888	1840	1
554	1840	1
892	1840	1
2779	1841	1
2725	1841	1
2724	1842	1
2723	1842	1
3287	1843	1
2722	1843	1
2717	1844	1
2718	1844	1
2719	1845	1
2720	1845	1
2713	1846	1
3090	1846	1
2708	1847	1
2983	1847	1
2740	1847	1
3287	1848	1
2704	1848	1
2700	1849	1
856	1849	1
3108	1849	1
1421	1849	1
2702	1850	1
3279	1850	1
2234	1851	1
2592	1851	1
2699	1851	1
2592	1852	1
2698	1852	1
2693	1853	1
2924	1853	1
2692	1854	1
2242	1854	1
2689	1855	1
2688	1855	1
2690	1855	1
2656	1856	1
2691	1856	1
2689	1857	1
2690	1857	1
2810	1858	1
2604	1858	1
2808	1859	1
2806	1859	1
2807	1859	1
2712	1860	1
2814	1860	1
32	1861	1
472	1861	1
2813	1861	1
340	1862	1
2800	1862	1
2802	1863	1
2801	1863	1
2794	1864	1
2351	1864	1
2624	1865	1
2793	1865	1
1228	1865	1
2792	1866	1
3209	1866	1
554	1866	1
2795	1867	1
2796	1867	1
2784	1868	1
2774	1868	1
2947	1869	1
2790	1869	1
2789	1870	1
2788	1870	1
2776	1871	1
2777	1871	1
2780	1872	1
2225	1872	1
2559	1873	1
3023	1873	1
2781	1873	1
2225	1873	1
807	1874	1
2435	1874	1
2768	1874	1
3273	1874	1
2770	1875	1
3143	1875	1
2581	1876	1
355	1876	1
2771	1876	1
3278	1877	1
2772	1877	1
3240	1878	1
2773	1878	1
42	1879	1
2774	1879	1
1358	1880	1
32	1880	1
2775	1880	1
2761	1881	1
2956	1881	1
2762	1882	1
2711	1882	1
2764	1883	1
2297	1883	1
2767	1884	1
2605	1884	1
442	1885	1
2766	1885	1
2996	1885	1
1529	1885	1
2752	1886	1
2857	1886	1
1709	1887	1
2754	1887	1
852	1888	1
3120	1888	1
2757	1888	1
2427	1888	1
2755	1889	1
2756	1889	1
2569	1890	1
2758	1890	1
2615	1891	1
2617	1891	1
2613	1892	1
2612	1892	1
2760	1893	1
2611	1893	1
2824	1893	1
2610	1894	1
2535	1894	1
2609	1895	1
2608	1895	1
2608	1896	1
2607	1896	1
2622	1897	1
2621	1897	1
2615	1898	1
2620	1898	1
2620	1899	1
2619	1899	1
2617	1899	1
2615	1900	1
2619	1900	1
2618	1900	1
2617	1900	1
2286	1901	1
2617	1901	1
2616	1901	1
2598	1902	1
2230	1902	1
2596	1903	1
2595	1903	1
2597	1904	1
2340	1904	1
379	1904	1
2596	1905	1
2326	1905	1
2595	1905	1
2323	1906	1
2614	1906	1
2606	1906	1
2608	1907	1
2607	1907	1
2643	1908	1
2602	1908	1
2604	1909	1
2705	1909	1
2603	1909	1
2980	1910	1
2515	1910	1
2600	1910	1
2581	1911	1
355	1911	1
2581	1912	1
2580	1912	1
355	1912	1
2582	1913	1
2561	1913	1
2577	1914	1
2917	1914	1
2491	1915	1
2697	1915	1
2579	1915	1
2578	1916	1
2634	1916	1
2746	1917	1
2589	1917	1
2585	1918	1
2587	1918	1
2586	1918	1
353	1919	1
2584	1919	1
2487	1919	1
355	1920	1
2585	1920	1
2587	1920	1
355	1921	1
782	1921	1
2587	1921	1
2586	1921	1
2564	1922	1
2563	1922	1
2449	1922	1
2566	1923	1
2354	1923	1
2320	1924	1
2562	1924	1
2879	1924	1
2878	1924	1
2575	1925	1
2652	1925	1
2567	1926	1
2223	1926	1
2568	1926	1
2572	1927	1
345	1927	1
2571	1927	1
2674	1928	1
3142	1928	1
2673	1929	1
2585	1929	1
2184	1930	1
80	1930	1
2678	1930	1
2779	1931	1
2677	1931	1
3100	1932	1
2207	1932	1
2676	1932	1
2683	1933	1
2379	1933	1
2685	1933	1
2682	1934	1
2710	1934	1
770	1935	1
906	1935	1
2687	1935	1
3298	1936	1
2686	1936	1
2683	1937	1
2379	1937	1
2685	1937	1
2684	1937	1
2658	1938	1
2659	1938	1
2658	1939	1
2659	1939	1
2583	1940	1
2663	1940	1
2660	1941	1
2938	1941	1
2661	1942	1
2651	1942	1
3081	1943	1
442	1943	1
32	1943	1
2746	1943	1
2222	1943	1
739	1943	1
2666	1943	1
2243	1943	1
2188	1944	1
2667	1944	1
2664	1945	1
2665	1945	1
906	1946	1
2670	1946	1
2669	1946	1
906	1947	1
2671	1947	1
2669	1947	1
2712	1948	1
3245	1948	1
2668	1948	1
2641	1949	1
783	1949	1
2641	1950	1
2640	1950	1
783	1950	1
2643	1951	1
2602	1951	1
2642	1952	1
3044	1952	1
2647	1953	1
3125	1953	1
2645	1954	1
2644	1954	1
2646	1954	1
2703	1955	1
3086	1955	1
2648	1955	1
2510	1956	1
2650	1956	1
3306	1957	1
2655	1957	1
2714	1958	1
3257	1958	1
2654	1958	1
2625	1959	1
2345	1959	1
3294	1959	1
3229	1959	1
2626	1960	1
2627	1960	1
2417	1961	1
2630	1961	1
3263	1961	1
2722	1961	1
2633	1962	1
2208	1962	1
2190	1963	1
2635	1963	1
2636	1964	1
2637	1964	1
3065	1965	1
2638	1965	1
2510	1966	1
2321	1966	1
219	1966	1
2920	1966	1
877	1966	1
2639	1966	1
2989	1967	1
2990	1967	1
2985	1968	1
2984	1968	1
2986	1968	1
2984	1969	1
2987	1969	1
2986	1969	1
2986	1970	1
677	1970	1
2931	1971	1
2981	1971	1
3044	1971	1
2825	1972	1
2978	1972	1
3005	1973	1
2551	1973	1
3006	1974	1
3007	1974	1
2551	1974	1
280	1974	1
3007	1975	1
280	1975	1
3000	1976	1
2797	1976	1
3001	1977	1
3266	1977	1
1852	1978	1
2996	1978	1
2997	1979	1
2998	1979	1
2236	1980	1
2993	1980	1
2652	1981	1
2995	1981	1
2959	1982	1
2956	1982	1
2957	1983	1
2954	1983	1
2956	1984	1
2955	1984	1
2956	1985	1
2953	1985	1
2264	1986	1
2952	1986	1
2957	1987	1
2954	1987	1
2951	1987	1
1153	1988	1
2950	1988	1
2956	1989	1
2949	1989	1
2542	1990	1
2945	1990	1
2973	1991	1
3221	1991	1
2875	1991	1
2970	1992	1
280	1992	1
2971	1993	1
3211	1993	1
1529	1993	1
2969	1994	1
3226	1994	1
2966	1995	1
2574	1995	1
2377	1995	1
2968	1996	1
2967	1996	1
3144	1997	1
2965	1997	1
717	1998	1
3187	1998	1
2962	1998	1
2958	1999	1
2264	1999	1
2960	1999	1
2405	2000	1
2961	2000	1
3049	2001	1
2895	2001	1
3051	2002	1
3050	2002	1
3053	2003	1
3052	2003	1
3052	2004	1
3055	2004	1
3053	2005	1
3054	2005	1
906	2006	1
2495	2006	1
2279	2006	1
3041	2006	1
906	2007	1
3042	2007	1
2106	2008	1
3045	2008	1
2879	2009	1
3047	2009	1
3064	2010	1
2759	2010	1
3066	2011	1
3068	2011	1
3066	2012	1
3067	2012	1
3068	2012	1
3069	2013	1
3070	2013	1
2370	2014	1
3071	2014	1
3056	2015	1
3057	2015	1
2339	2016	1
3060	2016	1
3061	2017	1
3062	2017	1
3062	2018	1
3063	2018	1
3019	2019	1
2628	2019	1
3018	2020	1
3017	2020	1
374	2021	1
3016	2021	1
472	2021	1
298	2021	1
3170	2021	1
3015	2021	1
2721	2021	1
2559	2022	1
3023	2022	1
3022	2023	1
2258	2023	1
1852	2024	1
3010	2024	1
3009	2024	1
3009	2025	1
1398	2025	1
374	2026	1
3170	2026	1
3015	2026	1
2352	2027	1
822	2027	1
1859	2027	1
3014	2027	1
3275	2027	1
3011	2028	1
3012	2028	1
2541	2029	1
3034	2029	1
3203	2029	1
2233	2029	1
3058	2029	1
3035	2030	1
3036	2030	1
2247	2030	1
3032	2031	1
2785	2031	1
2218	2032	1
3038	2032	1
3039	2033	1
3046	2033	1
2200	2034	1
3026	2034	1
3027	2035	1
3028	2035	1
2299	2036	1
3024	2036	1
2521	2037	1
3025	2037	1
2278	2038	1
3030	2038	1
1668	2039	1
32	2039	1
3029	2039	1
2852	2040	1
2456	2040	1
2853	2041	1
2854	2041	1
2853	2042	1
2854	2042	1
2855	2043	1
2494	2043	1
2848	2044	1
2849	2044	1
2848	2045	1
2850	2045	1
2456	2046	1
2851	2046	1
2623	2047	1
2860	2047	1
1006	2048	1
2861	2048	1
2348	2048	1
2502	2049	1
2862	2049	1
2933	2050	1
2863	2050	1
2208	2051	1
2856	2051	1
1355	2052	1
2857	2052	1
2791	2053	1
2858	2053	1
2869	2054	1
414	2054	1
2868	2055	1
2930	2055	1
3020	2055	1
2871	2056	1
2781	2056	1
2870	2057	1
2937	2057	1
3171	2057	1
3287	2058	1
2865	2058	1
2864	2058	1
3186	2058	1
2706	2058	1
649	2059	1
2866	2059	1
2877	2060	1
2948	2060	1
2257	2061	1
2872	2061	1
1581	2062	1
2828	2062	1
2874	2062	1
2929	2063	1
2823	2063	1
2820	2064	1
2819	2064	1
2815	2065	1
2816	2065	1
2709	2066	1
2826	2066	1
1907	2067	1
2827	2067	1
3124	2067	1
2978	2068	1
2825	2068	1
2839	2069	1
2838	2069	1
2835	2070	1
2964	2070	1
2847	2071	1
2519	2071	1
3236	2072	1
2846	2072	1
2215	2072	1
2843	2073	1
2842	2073	1
3108	2074	1
2841	2074	1
2840	2074	1
2361	2075	1
2841	2075	1
2840	2075	1
2912	2076	1
2204	2076	1
2914	2077	1
2728	2077	1
2915	2078	1
2876	2078	1
2916	2079	1
2943	2079	1
2919	2080	1
2891	2080	1
2922	2081	1
2923	2081	1
2924	2082	1
2925	2082	1
2933	2083	1
2863	2083	1
2934	2084	1
2830	2084	1
2939	2085	1
2938	2085	1
2715	2086	1
2940	2086	1
2838	2087	1
2883	2087	1
2880	2088	1
3298	2088	1
2881	2089	1
2743	2089	1
2887	2090	1
2888	2090	1
2884	2091	1
3241	2091	1
2821	2092	1
2753	2092	1
2890	2092	1
2887	2093	1
2889	2093	1
2548	2094	1
2894	2094	1
2898	2095	1
2897	2095	1
2898	2096	1
2896	2096	1
2206	2097	1
2901	2097	1
2206	2098	1
2900	2098	1
2306	2099	1
2906	2099	1
2251	2100	1
2905	2100	1
2178	2101	1
2904	2101	1
3044	2102	1
2910	2102	1
2463	2103	1
2909	2103	1
2351	2104	1
2908	2104	1
3284	2105	1
3285	2105	1
3286	2106	1
2366	2106	1
3280	2107	1
2902	2107	1
973	2107	1
56	2107	1
2197	2107	1
3283	2108	1
2315	2108	1
3292	2109	1
57	2109	1
3288	2110	1
3289	2110	1
3271	2111	1
2935	2111	1
2750	2112	1
3265	2112	1
3264	2113	1
3262	2113	1
3261	2113	1
3269	2114	1
3268	2114	1
3267	2114	1
2879	2115	1
3279	2115	1
2935	2116	1
3272	2116	1
1859	2117	1
3104	2117	1
1860	2117	1
2546	2117	1
3275	2117	1
3312	2118	1
2994	2118	1
3303	2119	1
3307	2119	1
2510	2120	1
3302	2120	1
3301	2121	1
2189	2121	1
3300	2122	1
2229	2122	1
854	2123	1
3297	2123	1
2593	2123	1
3147	2124	1
3296	2124	1
2253	2125	1
3311	2125	1
3310	2126	1
3309	2126	1
3002	2127	1
3308	2127	1
3173	2128	1
3305	2128	1
219	2129	1
2977	2129	1
877	2129	1
3304	2129	1
3217	2130	1
3213	2130	1
2376	2130	1
3218	2131	1
616	2131	1
2575	2131	1
3220	2132	1
2829	2132	1
3222	2133	1
2328	2133	1
3282	2134	1
3223	2134	1
3241	2134	1
2523	2135	1
3224	2135	1
2765	2136	1
3225	2136	1
3227	2137	1
3228	2137	1
3230	2138	1
3231	2138	1
2336	2139	1
3201	2139	1
2833	2139	1
3199	2140	1
3200	2140	1
3202	2141	1
2879	2141	1
3047	2141	1
2323	2142	1
3203	2142	1
2233	2142	1
3204	2142	1
3207	2143	1
2512	2143	1
3235	2144	1
3206	2144	1
616	2144	1
578	2145	1
3210	2145	1
3212	2146	1
3214	2146	1
2376	2147	1
3215	2147	1
3213	2148	1
2376	2148	1
3214	2148	1
3250	2149	1
2927	2149	1
2336	2150	1
3248	2150	1
3249	2151	1
3290	2151	1
3251	2152	1
3252	2152	1
185	2153	1
3254	2153	1
3253	2153	1
3259	2154	1
2214	2154	1
2557	2155	1
1522	2155	1
3256	2155	1
2362	2155	1
3262	2156	1
3261	2156	1
3234	2157	1
3233	2157	1
2997	2157	1
2701	2158	1
3232	2158	1
3059	2158	1
3239	2159	1
3238	2159	1
3237	2160	1
617	2160	1
3243	2161	1
3242	2161	1
3247	2162	1
3246	2162	1
2712	2163	1
3245	2163	1
2799	2164	1
3244	2164	1
3164	2165	1
2576	2165	1
3167	2166	1
2594	2166	1
3161	2167	1
2833	2167	1
461	2168	1
3160	2168	1
3157	2168	1
610	2169	1
2203	2169	1
80	2169	1
3163	2169	1
3029	2169	1
2833	2170	1
3162	2170	1
2184	2171	1
461	2171	1
3157	2171	1
2234	2172	1
340	2172	1
3159	2172	1
1668	2173	1
2329	2173	1
3154	2173	1
3149	2174	1
2313	2174	1
3148	2175	1
3150	2175	1
3151	2175	1
2313	2175	1
3148	2176	1
3150	2176	1
3151	2176	1
3147	2176	1
2697	2177	1
3145	2177	1
2191	2178	1
3146	2178	1
3148	2179	1
3149	2179	1
3150	2179	1
3151	2179	1
3147	2179	1
3152	2179	1
2187	2180	1
3140	2180	1
2882	2181	1
3136	2181	1
3137	2182	1
3138	2182	1
3197	2183	1
3091	2183	1
2734	2184	1
3196	2184	1
2219	2185	1
3195	2185	1
3193	2186	1
2573	2186	1
906	2187	1
3192	2187	1
267	2187	1
2670	2187	1
3190	2188	1
3189	2188	1
2594	2189	1
3188	2189	1
2488	2190	1
3186	2190	1
3185	2191	1
3184	2191	1
3182	2192	1
2867	2192	1
2396	2192	1
3097	2193	1
3096	2193	1
3183	2193	1
3181	2194	1
2502	2194	1
3178	2195	1
3179	2195	1
2956	2196	1
3174	2196	1
3168	2197	1
3291	2197	1
3168	2198	1
3291	2198	1
3169	2198	1
3097	2199	1
3096	2199	1
3099	2200	1
3100	2200	1
3097	2201	1
3096	2201	1
3098	2201	1
3100	2202	1
2207	2202	1
3101	2203	1
3103	2203	1
3102	2203	1
2778	2204	1
3089	2204	1
2803	2205	1
3093	2205	1
2785	2206	1
3095	2206	1
898	2207	1
2600	2207	1
3094	2207	1
3080	2208	1
3081	2208	1
3082	2209	1
3085	2209	1
3082	2210	1
3083	2210	1
3085	2210	1
3084	2211	1
3085	2211	1
3086	2212	1
994	2212	1
3072	2213	1
3073	2213	1
3040	2214	1
3074	2214	1
2508	2215	1
3176	2215	1
2325	2215	1
2244	2215	1
3075	2215	1
2941	2216	1
3077	2216	1
2975	2217	1
3078	2217	1
3131	2218	1
292	2218	1
3132	2218	1
2810	2219	1
3130	2219	1
3129	2220	1
2800	2220	1
3128	2221	1
2275	2221	1
3135	2222	1
3134	2222	1
2516	2222	1
3133	2223	1
2213	2223	1
2864	2224	1
3132	2224	1
3123	2225	1
3122	2225	1
2560	2226	1
3121	2226	1
856	2227	1
3125	2227	1
1907	2228	1
3124	2228	1
3114	2229	1
2806	2229	1
3112	2230	1
3044	2230	1
3113	2231	1
2806	2231	1
184	2232	1
2642	2232	1
3118	2232	1
3044	2232	1
3119	2233	1
2976	2233	1
2746	2234	1
2222	2234	1
3116	2234	1
3117	2235	1
3191	2235	1
3221	2236	1
3106	2236	1
2875	2236	1
3104	2237	1
3105	2237	1
3088	2238	1
2999	2238	1
3110	2238	1
2601	2238	1
856	2239	1
1421	2239	1
3108	2239	1
