1	1	1
98	2	1
6	2	1
917	2	1
664	3	1
21	3	1
7	3	1
1002	4	1
1005	4	1
8	4	1
617	4	1
391	4	1
441	5	1
11	5	1
391	5	1
1631	6	1
545	6	1
15	6	1
16	7	1
391	7	1
19	8	1
848	8	1
833	9	1
18	9	1
664	9	1
489	9	1
602	9	1
664	10	1
21	10	1
20	11	1
496	11	1
700	12	1
23	12	1
391	12	1
87	13	1
1635	13	1
264	13	1
27	13	1
462	14	1
297	14	1
26	14	1
1000	15	1
715	15	1
749	15	1
276	15	1
391	15	1
29	15	1
423	15	1
523	15	1
506	16	1
472	16	1
31	16	1
793	17	1
30	17	1
35	18	1
700	18	1
32	19	1
472	19	1
38	20	1
80	20	1
39	21	1
644	21	1
36	22	1
644	22	1
815	22	1
275	23	1
98	23	1
6	23	1
37	23	1
662	23	1
917	23	1
330	23	1
489	24	1
488	24	1
645	24	1
43	24	1
489	25	1
40	25	1
850	26	1
848	26	1
661	26	1
41	26	1
848	27	1
47	27	1
848	28	1
44	28	1
679	29	1
45	29	1
51	30	1
764	30	1
50	31	1
848	31	1
49	32	1
749	32	1
29	32	1
423	32	1
68	33	1
957	33	1
715	33	1
749	33	1
276	33	1
523	33	1
1000	33	1
700	33	1
185	33	1
55	33	1
29	33	1
391	33	1
999	33	1
423	33	1
53	34	1
613	34	1
440	35	1
1006	35	1
748	35	1
52	35	1
484	35	1
365	35	1
617	35	1
391	35	1
483	35	1
319	35	1
482	35	1
440	36	1
415	36	1
59	36	1
391	36	1
555	36	1
1493	37	1
506	37	1
173	37	1
57	37	1
973	38	1
56	38	1
2197	38	1
2594	39	1
63	39	1
987	40	1
62	40	1
19	41	1
848	41	1
605	41	1
60	41	1
1001	42	1
68	42	1
1000	42	1
715	42	1
292	42	1
749	42	1
617	42	1
999	42	1
69	43	1
302	43	1
373	44	1
462	44	1
70	44	1
339	44	1
506	44	1
277	44	1
266	44	1
297	44	1
26	44	1
71	45	1
660	45	1
632	45	1
275	46	1
98	46	1
64	46	1
6	46	1
662	46	1
917	46	1
330	46	1
65	47	1
7	47	1
644	47	1
66	48	1
219	48	1
993	48	1
267	48	1
877	48	1
67	49	1
332	49	1
76	50	1
496	50	1
77	51	1
675	51	1
78	52	1
917	52	1
736	52	1
506	53	1
79	53	1
675	54	1
73	54	1
895	55	1
74	55	1
992	56	1
75	56	1
85	57	1
987	57	1
275	58	1
84	58	1
644	58	1
87	59	1
540	59	1
700	60	1
86	60	1
699	60	1
391	60	1
81	61	1
1546	61	1
270	61	1
83	62	1
391	62	1
659	62	1
848	63	1
82	63	1
36	64	1
93	64	1
683	65	1
65	65	1
92	65	1
796	65	1
440	66	1
375	66	1
374	66	1
445	66	1
446	66	1
95	66	1
391	66	1
286	66	1
801	67	1
764	67	1
94	67	1
448	67	1
906	68	1
267	68	1
781	68	1
89	68	1
88	69	1
475	70	1
1632	70	1
863	70	1
91	70	1
789	71	1
90	71	1
102	72	1
543	72	1
1	73	1
100	73	1
98	74	1
6	74	1
662	74	1
330	74	1
700	75	1
99	75	1
391	75	1
699	76	1
96	76	1
575	76	1
572	76	1
2924	76	1
849	77	1
324	77	1
110	77	1
373	78	1
339	78	1
277	78	1
266	78	1
108	78	1
503	78	1
839	79	1
174	79	1
384	79	1
109	79	1
68	80	1
1000	80	1
715	80	1
700	80	1
749	80	1
276	80	1
29	80	1
106	80	1
999	80	1
423	80	1
523	80	1
715	81	1
443	81	1
749	81	1
276	81	1
107	81	1
555	81	1
523	81	1
1000	81	1
49	81	1
700	81	1
185	81	1
292	81	1
29	81	1
391	81	1
999	81	1
423	81	1
273	82	1
80	82	1
365	82	1
391	82	1
104	82	1
119	83	1
23	83	1
118	84	1
411	85	1
117	85	1
115	86	1
330	86	1
113	87	1
918	87	1
1	88	1
112	88	1
127	89	1
244	89	1
823	90	1
126	90	1
1005	91	1
2746	91	1
472	91	1
298	91	1
264	91	1
123	91	1
867	92	1
817	92	1
644	92	1
815	92	1
122	92	1
382	93	1
120	93	1
137	94	1
644	94	1
815	94	1
810	94	1
611	95	1
136	95	1
717	95	1
716	95	1
371	95	1
320	95	1
139	96	1
848	96	1
487	96	1
138	97	1
417	97	1
331	97	1
141	98	1
590	98	1
105	98	1
732	99	1
140	99	1
496	99	1
143	100	1
473	100	1
417	100	1
497	100	1
142	101	1
145	101	1
419	101	1
129	102	1
639	102	1
472	103	1
25	103	1
128	103	1
298	103	1
131	104	1
2362	104	1
1499	104	1
130	105	1
590	105	1
105	105	1
565	106	1
133	106	1
132	107	1
590	107	1
105	107	1
692	108	1
590	108	1
135	108	1
105	108	1
324	109	1
1099	109	1
134	109	1
152	110	1
599	110	1
391	110	1
567	111	1
153	111	1
292	111	1
66	111	1
267	111	1
89	111	1
715	112	1
700	112	1
2	112	1
154	112	1
292	112	1
749	112	1
276	112	1
391	112	1
29	112	1
423	112	1
523	112	1
461	113	1
155	113	1
292	113	1
484	113	1
391	113	1
89	113	1
700	114	1
156	114	1
391	114	1
700	115	1
157	115	1
391	115	1
291	116	1
158	116	1
58	116	1
642	116	1
159	117	1
584	117	1
10	117	1
569	117	1
705	118	1
144	118	1
823	119	1
417	119	1
282	119	1
145	119	1
17	120	1
823	120	1
473	120	1
543	120	1
146	120	1
498	120	1
823	121	1
417	121	1
231	121	1
145	121	1
419	121	1
41	121	1
147	121	1
457	122	1
391	122	1
148	122	1
928	122	1
231	123	1
41	123	1
149	123	1
326	124	1
1702	124	1
1510	124	1
918	124	1
638	124	1
150	124	1
151	124	1
1702	125	1
1510	125	1
918	125	1
638	125	1
151	125	1
288	126	1
171	126	1
349	126	1
847	126	1
521	126	1
170	127	1
294	127	1
169	128	1
609	128	1
463	129	1
440	129	1
609	129	1
168	129	1
800	129	1
292	129	1
365	129	1
391	129	1
411	130	1
510	130	1
175	130	1
839	131	1
174	131	1
506	132	1
173	132	1
818	133	1
507	133	1
172	133	1
163	134	1
783	134	1
54	135	1
310	135	1
162	135	1
597	136	1
754	136	1
161	136	1
981	136	1
548	137	1
292	137	1
505	137	1
160	137	1
286	137	1
732	138	1
167	138	1
657	138	1
864	139	1
166	139	1
354	140	1
165	140	1
291	141	1
164	141	1
186	142	1
3268	142	1
184	142	1
2642	142	1
2856	142	1
3044	142	1
606	142	1
187	143	1
848	143	1
967	143	1
392	144	1
190	144	1
484	144	1
191	145	1
72	145	1
848	146	1
188	146	1
532	147	1
189	147	1
815	147	1
792	147	1
231	148	1
178	148	1
41	148	1
68	149	1
988	149	1
831	149	1
177	149	1
391	149	1
106	149	1
999	149	1
848	150	1
182	150	1
279	151	1
38	151	1
524	151	1
131	151	1
391	151	1
183	151	1
472	152	1
180	152	1
304	153	1
35	153	1
699	153	1
988	153	1
718	153	1
59	153	1
843	153	1
573	153	1
391	153	1
106	153	1
689	153	1
181	153	1
205	154	1
275	155	1
204	155	1
662	155	1
508	156	1
207	156	1
1629	156	1
671	157	1
206	157	1
201	158	1
583	158	1
391	158	1
200	159	1
2856	159	1
607	159	1
655	160	1
848	160	1
203	160	1
933	160	1
387	160	1
585	160	1
386	160	1
10	160	1
934	160	1
388	160	1
839	161	1
202	161	1
974	162	1
197	162	1
390	162	1
754	163	1
196	163	1
417	164	1
199	164	1
648	165	1
198	165	1
899	165	1
410	166	1
848	166	1
662	166	1
192	166	1
373	167	1
446	167	1
3123	167	1
266	167	1
423	167	1
195	167	1
760	168	1
761	168	1
759	168	1
194	168	1
220	169	1
682	169	1
391	169	1
221	170	1
620	170	1
222	171	1
391	171	1
925	172	1
223	172	1
216	173	1
673	173	1
685	174	1
292	174	1
217	174	1
592	175	1
218	175	1
616	175	1
660	176	1
212	176	1
440	177	1
213	177	1
391	177	1
964	177	1
48	178	1
398	178	1
397	178	1
294	178	1
873	178	1
214	178	1
448	178	1
655	179	1
215	179	1
861	179	1
660	180	1
496	180	1
209	180	1
210	181	1
642	181	1
683	182	1
65	182	1
280	182	1
211	182	1
239	183	1
609	183	1
238	184	1
980	184	1
237	185	1
306	185	1
296	185	1
179	185	1
593	186	1
236	186	1
1069	186	1
1227	186	1
740	186	1
1569	186	1
235	187	1
365	187	1
572	187	1
391	187	1
293	188	1
234	188	1
421	188	1
391	188	1
306	189	1
233	189	1
296	189	1
179	189	1
682	190	1
232	190	1
391	190	1
626	191	1
230	191	1
306	192	1
296	192	1
179	192	1
229	192	1
754	193	1
228	193	1
987	194	1
632	194	1
227	194	1
654	195	1
226	195	1
698	196	1
225	196	1
709	197	1
224	197	1
440	198	1
254	198	1
927	198	1
548	198	1
484	198	1
365	198	1
391	198	1
255	199	1
391	199	1
1957	200	1
746	200	1
669	200	1
700	200	1
670	200	1
518	200	1
252	200	1
374	200	1
365	200	1
439	200	1
303	200	1
291	201	1
253	201	1
250	202	1
389	202	1
251	203	1
692	203	1
14	203	1
807	204	1
1004	204	1
248	204	1
934	204	1
682	205	1
249	205	1
391	205	1
2560	206	1
247	206	1
811	206	1
440	207	1
927	207	1
548	207	1
484	207	1
365	207	1
245	207	1
391	207	1
411	208	1
660	208	1
632	208	1
242	208	1
823	209	1
848	209	1
243	209	1
980	209	1
204	210	1
683	210	1
65	210	1
705	210	1
644	210	1
240	210	1
499	210	1
655	211	1
933	211	1
387	211	1
619	211	1
585	211	1
795	211	1
241	211	1
275	212	1
917	212	1
87	213	1
273	213	1
472	213	1
781	213	1
272	214	1
489	214	1
488	214	1
613	214	1
645	214	1
644	214	1
279	215	1
80	215	1
1176	215	1
952	216	1
278	216	1
472	217	1
277	217	1
823	218	1
282	218	1
420	218	1
545	219	1
287	219	1
273	220	1
472	220	1
286	220	1
430	221	1
285	221	1
258	222	1
574	222	1
557	222	1
259	223	1
945	223	1
655	224	1
256	224	1
203	224	1
257	225	1
448	225	1
262	226	1
524	226	1
273	227	1
87	227	1
374	227	1
263	227	1
472	227	1
888	227	1
781	227	1
440	228	1
927	228	1
548	228	1
260	228	1
484	228	1
365	228	1
391	228	1
34	229	1
291	229	1
261	229	1
10	229	1
461	230	1
264	230	1
284	230	1
270	231	1
879	231	1
103	232	1
781	232	1
180	232	1
268	232	1
305	233	1
304	234	1
699	234	1
23	234	1
391	234	1
171	235	1
307	235	1
616	235	1
306	236	1
430	236	1
1711	236	1
1513	236	1
848	237	1
308	237	1
700	238	1
518	238	1
273	238	1
279	238	1
38	238	1
311	238	1
575	238	1
124	238	1
54	239	1
310	239	1
24	239	1
2106	240	1
312	240	1
264	240	1
284	240	1
644	241	1
662	241	1
315	241	1
851	242	1
644	242	1
662	242	1
314	242	1
411	243	1
317	243	1
313	244	1
315	244	1
314	244	1
316	244	1
391	245	1
319	245	1
292	246	1
391	246	1
318	246	1
288	247	1
338	247	1
847	247	1
289	248	1
616	248	1
291	249	1
784	249	1
397	250	1
294	250	1
297	251	1
448	251	1
32	252	1
267	252	1
298	252	1
180	252	1
649	253	1
300	253	1
440	254	1
59	254	1
365	254	1
303	254	1
342	255	1
1561	255	1
1387	255	1
3259	255	1
510	256	1
341	256	1
339	257	1
472	257	1
292	258	1
599	258	1
337	258	1
391	258	1
23	259	1
336	259	1
986	260	1
327	260	1
630	260	1
351	260	1
616	260	1
281	260	1
849	261	1
644	261	1
349	261	1
720	262	1
348	262	1
210	262	1
478	263	1
347	263	1
858	264	1
346	264	1
264	265	1
345	265	1
326	266	1
1702	266	1
1510	266	1
918	266	1
638	266	1
326	267	1
1702	267	1
327	267	1
1510	267	1
918	267	1
638	267	1
150	267	1
151	267	1
324	268	1
515	268	1
1702	269	1
327	269	1
1510	269	1
325	269	1
281	269	1
638	269	1
322	270	1
826	270	1
686	271	1
323	271	1
789	272	1
320	272	1
731	273	1
321	273	1
738	273	1
737	273	1
335	274	1
390	274	1
757	274	1
440	275	1
800	275	1
333	275	1
917	276	1
330	276	1
660	277	1
331	277	1
1702	278	1
1510	278	1
918	278	1
638	278	1
328	278	1
949	279	1
662	279	1
329	279	1
375	280	1
374	280	1
764	280	1
489	281	1
369	281	1
489	282	1
368	282	1
478	283	1
370	283	1
381	284	1
538	284	1
955	285	1
679	285	1
380	285	1
440	286	1
392	286	1
114	286	1
365	286	1
383	286	1
391	286	1
1	287	1
382	287	1
377	288	1
674	288	1
2372	289	1
1002	289	1
674	289	1
378	289	1
440	290	1
356	290	1
70	290	1
773	290	1
1005	290	1
748	290	1
52	290	1
978	290	1
484	290	1
365	290	1
977	290	1
391	290	1
774	291	1
356	291	1
746	291	1
357	291	1
70	291	1
292	291	1
748	291	1
52	291	1
391	291	1
286	291	1
358	292	1
889	292	1
26	292	1
359	293	1
280	293	1
360	293	1
2580	294	1
352	294	1
355	294	1
417	294	1
353	295	1
354	295	1
355	295	1
353	296	1
355	296	1
766	297	1
364	297	1
391	297	1
440	298	1
365	298	1
440	299	1
1005	299	1
800	299	1
365	299	1
366	299	1
35	300	1
700	300	1
701	300	1
86	300	1
367	300	1
823	301	1
420	301	1
361	301	1
361	302	1
362	302	1
410	303	1
848	303	1
609	304	1
414	304	1
440	305	1
415	305	1
391	305	1
411	306	1
412	306	1
231	306	1
632	306	1
41	306	1
823	307	1
413	307	1
694	308	1
402	308	1
3184	308	1
405	308	1
402	309	1
403	309	1
401	309	1
3186	309	1
952	310	1
400	310	1
694	311	1
402	311	1
917	311	1
401	311	1
694	312	1
402	312	1
401	312	1
406	312	1
404	312	1
405	312	1
25	313	1
407	313	1
632	314	1
404	314	1
405	314	1
694	315	1
1860	315	1
1344	315	1
3184	315	1
405	315	1
941	316	1
395	316	1
848	316	1
939	316	1
507	316	1
941	317	1
394	317	1
28	317	1
393	318	1
25	318	1
392	319	1
800	319	1
391	319	1
653	320	1
398	320	1
397	320	1
294	320	1
396	320	1
294	321	1
397	321	1
933	322	1
387	322	1
585	322	1
386	322	1
839	323	1
174	323	1
385	323	1
384	323	1
839	324	1
515	324	1
202	324	1
109	324	1
384	324	1
800	325	1
391	325	1
390	326	1
757	326	1
435	327	1
12	327	1
388	327	1
444	328	1
61	328	1
440	329	1
375	329	1
374	329	1
279	329	1
38	329	1
445	329	1
446	329	1
391	329	1
440	330	1
375	330	1
374	330	1
292	330	1
446	330	1
391	330	1
286	330	1
910	331	1
447	331	1
3274	331	1
926	332	1
432	332	1
274	333	1
433	333	1
856	333	1
706	333	1
1421	333	1
274	334	1
433	334	1
434	334	1
435	335	1
388	335	1
848	336	1
436	336	1
848	337	1
437	337	1
440	338	1
746	338	1
52	338	1
438	338	1
180	338	1
303	338	1
439	338	1
425	339	1
264	339	1
425	340	1
427	340	1
426	340	1
264	340	1
426	341	1
264	341	1
429	342	1
892	342	1
428	343	1
764	343	1
1	344	1
954	344	1
416	344	1
823	345	1
417	345	1
42	345	1
282	345	1
419	345	1
301	345	1
823	346	1
418	346	1
185	347	1
555	347	1
423	347	1
1151	348	1
1647	348	1
354	348	1
1688	348	1
422	348	1
476	349	1
477	349	1
296	349	1
559	349	1
743	349	1
823	350	1
474	350	1
768	350	1
1969	351	1
475	351	1
863	351	1
823	352	1
473	352	1
23	353	1
276	353	1
470	353	1
555	353	1
423	353	1
523	353	1
292	354	1
52	354	1
365	354	1
471	354	1
391	354	1
768	355	1
468	355	1
390	355	1
469	356	1
300	356	1
466	357	1
467	357	1
339	358	1
277	358	1
464	358	1
2746	359	1
740	359	1
465	359	1
610	360	1
463	360	1
292	360	1
365	360	1
557	360	1
391	360	1
462	361	1
87	361	1
87	362	1
461	362	1
80	362	1
540	362	1
459	363	1
458	363	1
699	364	1
457	364	1
391	364	1
928	364	1
23	365	1
456	365	1
1009	365	1
391	365	1
417	366	1
145	366	1
454	366	1
419	366	1
418	366	1
184	367	1
453	367	1
774	368	1
452	368	1
451	368	1
391	369	1
451	369	1
451	370	1
450	370	1
508	371	1
542	371	1
391	371	1
509	372	1
503	372	1
656	372	1
13	372	1
849	373	1
510	373	1
848	373	1
511	374	1
472	374	1
511	375	1
505	375	1
472	375	1
748	375	1
298	375	1
391	375	1
848	376	1
939	376	1
507	376	1
435	376	1
417	377	1
500	377	1
692	377	1
208	377	1
36	378	1
501	378	1
893	378	1
373	379	1
1005	379	1
292	379	1
266	379	1
502	379	1
503	379	1
373	380	1
1005	380	1
665	380	1
266	380	1
503	380	1
987	381	1
660	381	1
632	381	1
496	381	1
597	382	1
497	382	1
493	383	1
494	383	1
632	383	1
492	384	1
636	384	1
171	385	1
495	385	1
1004	385	1
768	385	1
494	386	1
980	386	1
489	387	1
489	388	1
488	388	1
489	389	1
490	389	1
848	390	1
485	390	1
440	391	1
927	391	1
365	391	1
484	391	1
391	391	1
487	392	1
486	392	1
231	393	1
41	393	1
481	393	1
176	394	1
480	394	1
440	395	1
292	395	1
365	395	1
391	395	1
483	395	1
440	396	1
748	396	1
617	396	1
319	396	1
1005	396	1
699	396	1
1006	396	1
52	396	1
365	396	1
484	396	1
391	396	1
483	396	1
482	396	1
576	397	1
550	397	1
699	397	1
575	397	1
647	397	1
573	397	1
617	397	1
551	398	1
365	398	1
391	398	1
548	399	1
124	399	1
987	400	1
549	400	1
547	400	1
90	400	1
546	401	1
545	401	1
287	401	1
789	402	1
547	402	1
90	402	1
544	403	1
852	403	1
558	404	1
391	404	1
898	404	1
339	405	1
277	405	1
903	405	1
902	405	1
556	405	1
472	406	1
557	406	1
2895	406	1
638	407	1
553	407	1
567	408	1
511	408	1
472	408	1
264	408	1
566	409	1
853	409	1
564	410	1
705	410	1
563	411	1
506	411	1
562	412	1
269	412	1
561	413	1
451	413	1
560	414	1
754	414	1
10	414	1
699	415	1
575	415	1
350	415	1
617	415	1
153	416	1
35	416	1
548	416	1
460	416	1
574	416	1
573	416	1
690	416	1
391	416	1
180	416	1
548	417	1
699	417	1
575	417	1
573	417	1
617	417	1
699	418	1
617	418	1
572	418	1
493	419	1
411	419	1
660	419	1
571	419	1
867	420	1
116	420	1
683	420	1
489	420	1
65	420	1
613	420	1
601	420	1
570	420	1
266	421	1
568	421	1
986	422	1
516	422	1
849	422	1
630	422	1
351	422	1
376	422	1
440	423	1
746	423	1
517	423	1
70	423	1
273	423	1
409	423	1
748	423	1
978	423	1
977	423	1
438	423	1
806	423	1
700	423	1
773	423	1
1005	423	1
292	423	1
52	423	1
365	423	1
484	423	1
391	423	1
440	424	1
518	424	1
365	424	1
391	424	1
512	425	1
692	425	1
324	426	1
513	426	1
324	427	1
514	427	1
1	428	1
324	428	1
174	428	1
515	428	1
385	428	1
384	428	1
524	429	1
365	429	1
391	429	1
440	430	1
518	430	1
484	430	1
365	430	1
526	430	1
391	430	1
848	431	1
527	431	1
848	432	1
692	432	1
815	432	1
520	432	1
848	433	1
521	433	1
533	434	1
532	434	1
535	435	1
534	435	1
506	435	1
79	435	1
863	435	1
534	436	1
529	437	1
848	438	1
528	438	1
2988	439	1
531	439	1
848	440	1
530	440	1
185	441	1
540	441	1
848	442	1
543	442	1
263	443	1
472	443	1
298	443	1
542	443	1
565	444	1
537	444	1
296	445	1
536	445	1
448	445	1
770	446	1
539	446	1
610	447	1
1020	447	1
611	448	1
716	448	1
1707	448	1
850	449	1
608	449	1
193	449	1
609	450	1
391	450	1
615	451	1
697	451	1
2363	451	1
614	452	1
612	452	1
645	452	1
127	453	1
618	453	1
662	453	1
244	453	1
917	453	1
329	453	1
617	454	1
522	454	1
523	454	1
625	455	1
624	455	1
231	455	1
41	455	1
622	455	1
621	455	1
411	456	1
317	456	1
983	456	1
623	456	1
700	457	1
701	457	1
86	457	1
1005	457	1
699	457	1
276	457	1
350	457	1
391	457	1
620	457	1
523	457	1
632	458	1
621	458	1
627	459	1
87	459	1
2277	459	1
2844	459	1
626	460	1
625	460	1
231	460	1
41	460	1
626	461	1
625	461	1
624	461	1
622	461	1
621	461	1
631	462	1
630	462	1
349	462	1
376	462	1
986	463	1
630	463	1
1462	464	1
629	464	1
754	464	1
305	465	1
820	465	1
504	465	1
4	465	1
750	465	1
296	465	1
635	465	1
121	465	1
957	466	1
470	466	1
634	466	1
29	466	1
423	466	1
869	467	1
633	467	1
45	467	1
283	468	1
632	468	1
639	469	1
3047	469	1
390	470	1
637	470	1
962	471	1
636	471	1
576	472	1
700	472	1
699	472	1
350	472	1
617	472	1
577	473	1
874	473	1
391	473	1
578	474	1
1858	474	1
609	475	1
579	475	1
789	476	1
580	476	1
754	476	1
390	476	1
389	476	1
339	477	1
581	477	1
582	477	1
277	477	1
339	478	1
277	478	1
582	478	1
848	479	1
613	479	1
584	479	1
282	480	1
111	480	1
585	480	1
390	480	1
1	481	1
87	481	1
586	481	1
185	482	1
444	482	1
470	482	1
587	482	1
423	482	1
61	482	1
5	483	1
295	483	1
589	483	1
740	483	1
548	484	1
292	484	1
526	484	1
591	484	1
593	485	1
686	485	1
393	485	1
33	485	1
1069	485	1
616	485	1
1227	485	1
740	485	1
1569	485	1
327	486	1
592	486	1
1018	486	1
595	487	1
848	487	1
596	487	1
848	488	1
594	488	1
596	488	1
848	489	1
596	489	1
917	489	1
440	490	1
609	490	1
52	490	1
598	490	1
484	490	1
333	490	1
391	490	1
88	490	1
319	490	1
599	491	1
23	491	1
600	491	1
296	492	1
603	492	1
430	493	1
602	493	1
851	494	1
605	494	1
847	494	1
6	495	1
662	495	1
604	495	1
382	496	1
607	496	1
184	497	1
453	497	1
994	497	1
382	497	1
606	497	1
687	498	1
686	498	1
33	498	1
770	498	1
906	498	1
2495	498	1
2279	498	1
888	498	1
1679	498	1
2687	498	1
2670	498	1
1877	498	1
1470	498	1
686	499	1
461	499	1
770	499	1
906	499	1
904	499	1
25	499	1
267	499	1
264	499	1
970	500	1
685	500	1
954	500	1
382	500	1
684	501	1
292	501	1
26	501	1
683	502	1
7	502	1
644	502	1
440	503	1
101	503	1
681	503	1
1006	503	1
680	503	1
22	503	1
935	503	1
391	503	1
552	503	1
680	504	1
552	504	1
679	505	1
678	505	1
677	506	1
389	506	1
288	507	1
338	507	1
676	507	1
662	508	1
675	508	1
518	509	1
429	509	1
292	509	1
906	509	1
263	509	1
365	509	1
554	509	1
391	509	1
674	509	1
539	509	1
116	510	1
601	510	1
672	510	1
702	511	1
700	511	1
800	511	1
699	511	1
365	511	1
391	511	1
522	511	1
440	512	1
703	512	1
484	512	1
391	512	1
700	513	1
701	513	1
699	513	1
391	513	1
686	514	1
548	514	1
749	514	1
472	514	1
276	514	1
470	514	1
888	514	1
286	514	1
700	514	1
460	514	1
86	514	1
701	514	1
698	514	1
699	514	1
575	514	1
573	514	1
572	514	1
391	514	1
440	514	1
35	514	1
33	514	1
523	514	1
185	514	1
906	514	1
59	514	1
365	514	1
483	514	1
699	515	1
391	515	1
696	516	1
754	516	1
185	517	1
292	517	1
699	517	1
695	517	1
617	517	1
391	517	1
1	518	1
692	518	1
288	519	1
693	519	1
2652	519	1
1	520	1
272	520	1
692	520	1
691	520	1
686	521	1
33	521	1
770	521	1
906	521	1
888	521	1
2687	521	1
1877	521	1
688	521	1
987	522	1
652	522	1
294	522	1
370	522	1
692	522	1
929	522	1
655	523	1
933	523	1
2896	524	1
654	524	1
205	525	1
651	525	1
388	525	1
650	526	1
388	526	1
664	527	1
644	527	1
32	528	1
647	528	1
180	528	1
881	529	1
442	529	1
1634	529	1
646	529	1
800	530	1
292	530	1
641	530	1
640	530	1
609	531	1
168	531	1
800	531	1
641	531	1
640	531	1
987	532	1
643	532	1
644	533	1
642	533	1
668	534	1
667	534	1
496	534	1
702	535	1
440	535	1
669	535	1
700	535	1
767	535	1
699	535	1
23	535	1
617	535	1
124	535	1
391	535	1
269	535	1
440	536	1
700	536	1
670	536	1
562	536	1
124	536	1
391	536	1
2082	537	1
686	537	1
33	537	1
666	537	1
769	537	1
660	538	1
661	538	1
644	539	1
662	539	1
917	539	1
330	539	1
373	540	1
339	540	1
562	540	1
277	540	1
266	540	1
297	540	1
26	540	1
656	540	1
538	540	1
657	541	1
658	541	1
664	542	1
658	542	1
391	543	1
659	543	1
747	544	1
805	544	1
746	544	1
806	544	1
700	544	1
773	544	1
292	544	1
748	544	1
365	544	1
391	544	1
303	544	1
746	545	1
365	545	1
745	546	1
391	546	1
448	546	1
85	547	1
744	547	1
496	547	1
987	548	1
71	548	1
751	548	1
660	548	1
632	548	1
980	548	1
700	549	1
749	549	1
617	549	1
440	550	1
748	550	1
739	551	1
740	551	1
955	552	1
738	552	1
738	553	1
737	553	1
275	554	1
662	554	1
736	554	1
848	555	1
742	555	1
794	556	1
741	556	1
30	556	1
762	557	1
848	557	1
763	558	1
1002	558	1
1991	558	1
674	558	1
1377	558	1
848	559	1
761	559	1
920	560	1
765	560	1
299	560	1
478	561	1
854	561	1
754	561	1
1255	562	1
802	562	1
783	562	1
755	562	1
735	563	1
705	563	1
752	563	1
997	563	1
46	563	1
705	564	1
995	564	1
752	564	1
753	564	1
997	564	1
758	565	1
759	565	1
440	566	1
700	566	1
503	566	1
756	566	1
713	567	1
848	567	1
751	567	1
712	568	1
961	568	1
391	568	1
674	568	1
438	568	1
1000	569	1
700	569	1
715	569	1
185	569	1
749	569	1
617	569	1
423	569	1
714	570	1
799	570	1
382	570	1
716	571	1
2740	571	1
719	572	1
878	572	1
705	573	1
24	573	1
856	573	1
704	574	1
893	574	1
894	574	1
774	575	1
773	575	1
609	575	1
484	575	1
365	575	1
707	575	1
391	575	1
947	575	1
800	576	1
292	576	1
484	576	1
391	576	1
709	576	1
708	576	1
710	576	1
800	577	1
708	577	1
710	577	1
1149	578	1
1534	578	1
451	578	1
711	578	1
728	579	1
969	579	1
666	579	1
769	579	1
391	579	1
728	580	1
729	580	1
666	580	1
769	580	1
730	581	1
848	581	1
738	581	1
943	582	1
730	582	1
848	582	1
731	582	1
738	582	1
2	583	1
32	583	1
506	583	1
472	583	1
647	583	1
79	583	1
863	583	1
285	583	1
535	583	1
290	583	1
534	583	1
906	583	1
733	583	1
431	583	1
219	583	1
430	583	1
296	583	1
267	583	1
781	583	1
877	583	1
734	584	1
735	584	1
856	584	1
46	584	1
720	585	1
642	585	1
760	586	1
721	586	1
507	587	1
722	587	1
723	587	1
788	588	1
660	588	1
334	588	1
246	588	1
723	588	1
100	589	1
848	589	1
817	589	1
397	589	1
765	589	1
815	589	1
265	589	1
724	589	1
592	590	1
218	590	1
725	590	1
2341	591	1
219	591	1
993	591	1
877	591	1
726	591	1
662	592	1
727	592	1
821	593	1
399	593	1
10	593	1
822	594	1
2592	594	1
330	594	1
849	595	1
848	595	1
817	595	1
815	595	1
816	596	1
265	596	1
819	597	1
1709	597	1
794	597	1
30	597	1
818	598	1
455	598	1
610	599	1
463	599	1
1668	599	1
35	599	1
2203	599	1
1544	599	1
279	599	1
38	599	1
80	599	1
829	599	1
3029	599	1
273	600	1
339	600	1
277	600	1
828	600	1
831	601	1
555	601	1
35	602	1
574	602	1
557	602	1
830	602	1
628	603	1
824	603	1
848	604	1
827	604	1
913	604	1
764	605	1
826	605	1
804	606	1
800	606	1
440	607	1
746	607	1
805	607	1
806	607	1
773	607	1
748	607	1
365	607	1
391	607	1
303	607	1
746	608	1
806	608	1
699	608	1
764	608	1
491	608	1
748	608	1
800	609	1
391	609	1
801	610	1
764	610	1
448	610	1
567	611	1
669	611	1
1005	611	1
906	611	1
802	611	1
472	611	1
803	611	1
755	611	1
298	611	1
391	611	1
63	611	1
674	611	1
754	612	1
812	612	1
408	613	1
813	613	1
391	613	1
340	614	1
78	614	1
814	614	1
917	614	1
736	614	1
849	615	1
848	615	1
644	615	1
815	615	1
644	616	1
815	616	1
808	616	1
810	616	1
644	617	1
815	617	1
588	617	1
809	617	1
810	617	1
532	618	1
823	618	1
901	618	1
418	618	1
449	618	1
120	618	1
811	618	1
791	619	1
489	619	1
790	620	1
739	620	1
407	620	1
789	621	1
848	621	1
787	622	1
815	622	1
848	623	1
786	623	1
1	624	1
291	624	1
785	624	1
541	624	1
1	625	1
784	625	1
87	626	1
263	626	1
472	626	1
798	626	1
298	626	1
770	627	1
264	627	1
797	627	1
794	628	1
793	628	1
30	628	1
543	629	1
792	629	1
774	630	1
609	630	1
391	630	1
881	631	1
1237	631	1
775	631	1
442	631	1
2119	631	1
1634	631	1
567	632	1
343	632	1
772	632	1
771	632	1
296	632	1
773	633	1
391	633	1
87	634	1
770	634	1
264	634	1
567	635	1
771	635	1
3041	635	1
3042	635	1
823	636	1
768	636	1
906	637	1
769	637	1
264	637	1
1896	638	1
883	638	1
32	638	1
2203	638	1
1665	638	1
1007	638	1
888	638	1
1280	638	1
780	638	1
89	638	1
180	638	1
3029	638	1
472	639	1
781	639	1
800	640	1
365	640	1
778	640	1
13	640	1
48	641	1
398	641	1
397	641	1
294	641	1
873	641	1
779	641	1
448	641	1
565	642	1
848	642	1
858	642	1
776	642	1
881	643	1
442	643	1
391	643	1
880	644	1
823	644	1
531	644	1
417	644	1
32	645	1
883	645	1
296	645	1
882	646	1
125	646	1
885	647	1
815	647	1
884	648	1
777	648	1
832	649	1
887	649	1
886	650	1
980	650	1
373	651	1
462	651	1
339	651	1
277	651	1
266	651	1
889	651	1
26	651	1
273	652	1
888	652	1
891	653	1
890	653	1
644	654	1
894	654	1
864	655	1
865	655	1
864	656	1
866	656	1
867	657	1
817	657	1
644	657	1
815	657	1
122	657	1
868	658	1
679	658	1
678	658	1
926	659	1
479	659	1
342	659	1
868	659	1
309	659	1
869	659	1
515	659	1
432	659	1
678	659	1
9	659	1
271	659	1
45	659	1
15	659	1
870	660	1
933	660	1
344	660	1
871	661	1
636	661	1
440	662	1
518	662	1
872	662	1
1169	663	1
874	663	1
754	664	1
3156	664	1
875	664	1
987	665	1
789	665	1
661	665	1
876	665	1
719	666	1
938	666	1
660	666	1
857	666	1
662	666	1
663	666	1
878	666	1
851	667	1
847	667	1
849	668	1
847	668	1
855	669	1
161	669	1
2051	670	1
1917	670	1
854	670	1
909	671	1
853	671	1
662	671	1
664	672	1
782	672	1
859	672	1
864	673	1
858	673	1
863	674	1
2456	675	1
282	675	1
862	675	1
861	675	1
655	676	1
861	676	1
794	677	1
793	677	1
30	677	1
860	677	1
834	678	1
489	678	1
835	679	1
832	679	1
489	679	1
602	679	1
832	680	1
664	680	1
838	681	1
837	681	1
838	682	1
836	682	1
662	682	1
837	683	1
662	683	1
304	684	1
842	684	1
573	684	1
689	684	1
700	685	1
843	685	1
840	686	1
674	686	1
644	687	1
264	687	1
841	687	1
686	688	1
2184	688	1
33	688	1
846	688	1
848	689	1
507	689	1
844	689	1
959	690	1
845	690	1
956	691	1
614	691	1
489	691	1
613	691	1
1001	692	1
1000	692	1
957	692	1
715	692	1
749	692	1
276	692	1
523	692	1
958	693	1
651	693	1
478	694	1
952	694	1
424	695	1
100	695	1
519	695	1
953	695	1
25	695	1
589	695	1
165	695	1
553	695	1
1	696	1
955	696	1
25	697	1
948	697	1
379	697	1
949	698	1
662	698	1
330	698	1
98	699	1
64	699	1
6	699	1
950	699	1
489	700	1
488	700	1
612	700	1
951	700	1
987	701	1
944	701	1
944	702	1
62	702	1
945	702	1
205	703	1
12	703	1
946	703	1
2032	704	1
2866	704	1
947	704	1
941	705	1
940	705	1
939	705	1
507	705	1
72	705	1
931	705	1
937	706	1
3021	706	1
390	706	1
713	707	1
987	707	1
789	707	1
936	707	1
692	707	1
496	707	1
996	707	1
980	707	1
658	707	1
941	708	1
942	708	1
939	708	1
937	709	1
938	709	1
100	710	1
932	710	1
927	711	1
292	711	1
928	711	1
391	712	1
930	712	1
927	713	1
292	713	1
924	714	1
644	714	1
925	715	1
892	715	1
922	716	1
448	716	1
1005	717	1
1006	717	1
921	717	1
620	717	1
986	718	1
327	718	1
289	718	1
918	718	1
979	718	1
281	718	1
440	719	1
927	719	1
484	719	1
365	719	1
919	719	1
433	720	1
434	720	1
916	720	1
97	721	1
914	721	1
393	722	1
2652	722	1
915	722	1
805	723	1
746	723	1
773	723	1
748	723	1
365	723	1
912	723	1
303	723	1
911	724	1
746	724	1
748	724	1
365	724	1
391	724	1
909	725	1
662	725	1
494	726	1
908	726	1
732	726	1
147	726	1
700	727	1
907	727	1
391	727	1
906	728	1
267	728	1
699	729	1
905	729	1
339	730	1
277	730	1
903	730	1
902	730	1
1005	731	1
339	731	1
277	731	1
902	731	1
23	732	1
900	732	1
391	732	1
648	733	1
692	733	1
899	733	1
773	734	1
609	734	1
923	734	1
843	734	1
451	734	1
391	734	1
286	734	1
897	734	1
372	735	1
896	735	1
1744	736	1
1020	736	1
1939	736	1
1355	736	1
80	736	1
1313	736	1
1021	737	1
1497	737	1
373	738	1
1008	738	1
297	738	1
502	738	1
503	738	1
656	738	1
730	739	1
321	739	1
660	739	1
246	739	1
692	739	1
1010	739	1
632	739	1
742	739	1
489	740	1
920	740	1
887	740	1
645	740	1
40	740	1
299	740	1
1011	740	1
1968	741	1
1298	741	1
1014	741	1
1745	742	1
1681	742	1
1381	742	1
1060	742	1
1015	742	1
1001	743	1
1000	743	1
715	743	1
700	743	1
185	743	1
749	743	1
276	743	1
617	743	1
391	743	1
555	743	1
999	743	1
523	743	1
1000	744	1
715	744	1
700	744	1
185	744	1
749	744	1
617	744	1
523	744	1
1003	745	1
818	745	1
142	745	1
145	745	1
419	745	1
1004	746	1
660	746	1
417	746	1
632	746	1
461	747	1
87	747	1
1007	747	1
781	747	1
993	748	1
877	748	1
644	749	1
995	749	1
997	749	1
3086	750	1
994	750	1
848	751	1
997	751	1
987	752	1
632	752	1
996	752	1
1001	753	1
1000	753	1
749	753	1
617	753	1
999	753	1
97	754	1
998	754	1
986	755	1
849	755	1
987	756	1
660	756	1
661	756	1
849	757	1
984	757	1
848	757	1
849	758	1
848	758	1
985	758	1
990	759	1
991	759	1
995	759	1
981	759	1
1000	760	1
715	760	1
700	760	1
749	760	1
988	760	1
276	760	1
29	760	1
423	760	1
523	760	1
989	761	1
632	761	1
592	762	1
1550	762	1
979	762	1
411	763	1
565	763	1
976	763	1
977	764	1
2215	764	1
349	765	1
982	765	1
983	765	1
744	766	1
732	766	1
660	766	1
632	766	1
496	766	1
980	766	1
987	767	1
849	767	1
848	767	1
660	767	1
632	767	1
980	767	1
981	767	1
971	768	1
159	768	1
10	768	1
934	768	1
825	768	1
970	769	1
969	769	1
968	770	1
448	770	1
2340	771	1
975	771	1
948	771	1
974	772	1
390	772	1
973	773	1
972	773	1
525	773	1
56	773	1
363	773	1
3	774	1
963	774	1
3152	774	1
987	775	1
960	775	1
848	776	1
967	776	1
578	777	1
613	777	1
966	777	1
835	778	1
489	778	1
613	778	1
965	778	1
2131	779	1
964	779	1
1100	780	1
1769	780	1
1768	780	1
1101	781	1
1696	781	1
2106	781	1
1635	781	1
1030	781	1
1865	782	1
1096	782	1
1097	783	1
1879	783	1
1887	784	1
1098	784	1
1662	785	1
1099	785	1
1973	786	1
1092	786	1
1066	787	1
1094	787	1
2028	787	1
1578	788	1
1088	788	1
1501	789	1
1089	789	1
1298	790	1
1348	790	1
1501	790	1
1090	790	1
1393	791	1
1091	791	1
1116	792	1
1384	792	1
1102	793	1
1119	793	1
1155	794	1
1118	794	1
1953	795	1
1113	795	1
1112	796	1
1921	796	1
1777	797	1
1039	797	1
1770	797	1
1108	797	1
1091	797	1
1565	798	1
1111	798	1
1402	799	1
1110	799	1
1030	799	1
1460	800	1
1105	800	1
1607	801	1
1106	801	1
1134	802	1
2170	802	1
2047	802	1
1132	803	1
1647	803	1
1133	804	1
1107	804	1
1861	804	1
1130	805	1
1632	805	1
863	805	1
1823	806	1
1131	806	1
1048	807	1
1128	807	1
58	807	1
1129	808	1
1591	808	1
1590	808	1
1858	809	1
1127	809	1
1865	810	1
1124	810	1
1061	810	1
1461	811	1
1125	811	1
2743	812	1
1123	812	1
1691	812	1
1120	813	1
1913	814	1
1151	814	1
1508	814	1
1150	815	1
1590	815	1
1149	816	1
1391	816	1
1390	817	1
1147	817	1
1717	818	1
1146	818	1
1145	819	1
2106	819	1
1417	819	1
1482	819	1
1731	820	1
1143	820	1
1867	821	1
1082	821	1
1142	821	1
1461	822	1
1141	822	1
1717	823	1
1146	823	1
1140	823	1
1843	823	1
1635	824	1
1139	824	1
1044	824	1
1155	825	1
1136	825	1
1032	826	1
1646	826	1
1034	827	1
2015	827	1
1035	828	1
2008	828	1
1012	828	1
1038	829	1
1616	829	1
1043	829	1
1415	830	1
1026	830	1
1958	831	1
1027	831	1
1906	832	1
1028	832	1
1049	833	1
1029	833	1
1942	834	1
1031	834	1
1049	835	1
2064	835	1
1943	836	1
1051	836	1
1050	837	1
1053	838	1
1788	838	1
1054	839	1
2136	839	1
1038	840	1
1616	840	1
1043	840	1
1066	841	1
2028	841	1
1070	842	1
2138	842	1
1071	843	1
1501	843	1
1057	844	1
1375	845	1
1461	845	1
1062	845	1
1375	846	1
1063	846	1
1745	847	1
1734	847	1
1381	847	1
1060	847	1
1015	847	1
1083	848	1
1717	848	1
1658	849	1
1407	849	1
1081	849	1
1732	849	1
1087	850	1
1480	850	1
1729	851	1
1086	851	1
1913	852	1
1374	852	1
1084	852	1
1380	853	1
1075	853	1
1388	854	1
1074	854	1
1073	855	1
2157	855	1
1986	856	1
1732	856	1
1072	856	1
1372	857	1
1600	857	1
1041	857	1
1079	857	1
1077	857	1
1600	858	1
1041	858	1
1077	858	1
1221	859	1
472	859	1
1074	859	1
180	859	1
1076	859	1
1804	860	1
1223	860	1
1222	861	1
1901	861	1
866	862	1
1849	862	1
1520	862	1
1217	862	1
1414	862	1
1676	862	1
1422	862	1
1216	863	1
1543	863	1
1461	864	1
1219	864	1
1218	865	1
1773	865	1
1457	866	1
1229	866	1
1080	867	1
1228	867	1
1064	868	1
1708	868	1
1230	868	1
1627	869	1
2010	869	1
1707	869	1
1225	869	1
1227	870	1
1569	870	1
1412	871	1
1226	871	1
1236	872	1
1457	872	1
1551	872	1
1750	872	1
1589	872	1
2026	872	1
1016	873	1
1220	873	1
442	873	1
1071	873	1
1068	873	1
1397	873	1
1059	873	1
1501	873	1
1089	873	1
1151	873	1
1237	873	1
1892	873	1
1688	873	1
1861	873	1
1243	873	1
1238	874	1
1654	874	1
2032	875	1
1239	875	1
947	875	1
770	876	1
1232	876	1
906	876	1
2158	876	1
1417	876	1
1457	877	1
1458	877	1
1233	877	1
472	877	1
298	877	1
1521	878	1
1234	878	1
770	879	1
906	879	1
1235	879	1
1417	879	1
629	880	1
1462	880	1
1244	880	1
1649	880	1
1707	880	1
1942	881	1
2129	881	1
1245	881	1
1031	881	1
1080	882	1
1246	882	1
2077	882	1
1867	883	1
1247	883	1
781	884	1
1240	884	1
31	884	1
1789	884	1
866	885	1
1414	885	1
1676	885	1
1241	885	1
1990	886	1
2796	886	1
1242	886	1
1861	887	1
1243	887	1
1255	888	1
1525	888	1
1051	888	1
1058	888	1
1788	888	1
1254	889	1
1052	889	1
58	889	1
1891	889	1
1637	889	1
2050	890	1
1253	890	1
854	890	1
1252	891	1
1068	891	1
1251	892	1
1126	892	1
185	893	1
1250	893	1
276	893	1
1417	893	1
523	893	1
1912	894	1
1249	894	1
1142	894	1
1030	894	1
1539	894	1
219	895	1
1248	895	1
877	895	1
1151	896	1
1510	896	1
1647	896	1
1263	896	1
422	896	1
1694	897	1
1261	897	1
1821	898	1
1260	898	1
2007	899	1
1707	899	1
1259	899	1
1853	900	1
1881	900	1
1160	900	1
1258	900	1
1819	901	1
1207	901	1
1257	901	1
1121	901	1
2140	902	1
1529	902	1
1256	902	1
1270	903	1
1746	903	1
1271	904	1
1821	904	1
1268	905	1
279	905	1
38	905	1
1725	905	1
1269	906	1
1382	906	1
1518	906	1
1266	907	1
1879	907	1
1267	908	1
1541	908	1
1862	908	1
1613	909	1
1264	909	1
1018	910	1
1265	910	1
1925	911	1
1276	911	1
1623	911	1
2099	912	1
1919	912	1
1277	912	1
770	913	1
2054	913	1
1274	913	1
1455	913	1
1045	914	1
1893	914	1
1275	914	1
1866	915	1
1272	915	1
1384	916	1
1650	916	1
1273	916	1
1153	917	1
1374	917	1
1152	918	1
2050	918	1
1157	919	1
1976	919	1
1493	920	1
1158	920	1
1161	921	1
1382	922	1
1163	922	1
1518	922	1
1057	923	1
1162	923	1
1796	924	1
1165	924	1
1501	925	1
1164	925	1
1909	926	1
1167	926	1
1524	927	1
1168	927	1
1525	928	1
1169	928	1
1051	928	1
173	928	1
1388	929	1
1221	929	1
1170	929	1
472	929	1
1076	929	1
2167	930	1
1171	930	1
2170	930	1
1067	931	1
1172	931	1
1173	932	1
430	932	1
1711	932	1
2956	933	1
1174	933	1
1813	933	1
2949	933	1
2333	933	1
1777	934	1
1039	934	1
1175	934	1
1770	934	1
1091	934	1
1897	935	1
1022	935	1
1177	935	1
1375	936	1
350	936	1
1178	936	1
1871	937	1
1179	937	1
1945	937	1
1408	938	1
1180	938	1
1998	938	1
1997	938	1
1638	939	1
1639	939	1
1182	939	1
1542	940	1
1183	940	1
1187	941	1
1807	941	1
1186	942	1
1531	942	1
1185	943	1
1465	943	1
1203	944	1
1184	944	1
1842	944	1
1191	945	1
1614	945	1
1079	945	1
1658	946	1
1081	946	1
1190	946	1
1584	946	1
1919	947	1
1189	947	1
1620	947	1
1115	948	1
1188	948	1
1732	949	1
1681	949	1
1195	949	1
2136	949	1
1858	950	1
1194	950	1
1731	951	1
1193	951	1
1728	952	1
1231	952	1
1192	952	1
2495	953	1
2279	953	1
1679	953	1
1199	953	1
1006	954	1
1198	954	1
1084	955	1
1181	955	1
1197	955	1
1081	956	1
1196	956	1
1202	957	1
2061	957	1
1221	958	1
1200	958	1
472	958	1
1201	959	1
1175	959	1
1108	959	1
1849	960	1
1206	960	1
2149	961	1
1204	961	1
781	961	1
31	961	1
1069	962	1
1210	962	1
1819	963	1
1207	963	1
1211	963	1
1121	963	1
1353	964	1
1540	964	1
1208	964	1
1205	965	1
1209	965	1
1156	966	1
1214	966	1
2007	967	1
1159	967	1
2005	967	1
1995	967	1
1709	967	1
1215	967	1
1212	968	1
2138	968	1
1938	969	1
1851	969	1
1040	969	1
863	969	1
1213	969	1
1375	970	1
1461	970	1
523	970	1
1374	971	1
1373	972	1
2089	972	1
1407	973	1
1371	973	1
1370	974	1
2084	974	1
1161	974	1
1415	975	1
1369	975	1
1407	976	1
1368	976	1
1366	977	1
1060	977	1
1015	977	1
1407	978	1
1732	978	1
1365	978	1
1662	979	1
1363	979	1
1447	980	1
1362	980	1
1176	981	1
1906	981	1
1361	981	1
1658	982	1
1407	982	1
1732	982	1
1737	982	1
1736	982	1
1738	982	1
1360	982	1
1358	983	1
32	983	1
472	983	1
1359	984	1
1387	984	1
1356	985	1
1415	985	1
1369	985	1
1357	986	1
2084	986	1
1639	986	1
1354	987	1
1349	987	1
1986	988	1
1351	988	1
1348	989	1
1501	989	1
2069	990	1
1346	990	1
1485	991	1
1347	991	1
1927	992	1
1292	992	1
1890	992	1
1383	992	1
1345	992	1
1405	993	1
1925	993	1
1777	993	1
1175	993	1
1039	993	1
1108	993	1
1091	993	1
1404	994	1
1149	994	1
1972	995	1
1401	995	1
2020	995	1
1971	995	1
1400	996	1
1971	996	1
2023	997	1
1403	997	1
1402	998	1
1114	999	1
1396	999	1
1972	1000	1
2020	1000	1
1971	1000	1
1399	1000	1
678	1001	1
2137	1001	1
1538	1001	1
1395	1001	1
1897	1002	1
1394	1002	1
1221	1003	1
1388	1003	1
1389	1004	1
1438	1004	1
1391	1005	1
1084	1005	1
1384	1006	1
472	1006	1
1385	1007	1
1387	1007	1
1386	1008	1
2175	1008	1
1176	1008	1
1407	1009	1
1381	1009	1
1638	1010	1
1376	1010	1
1639	1010	1
1447	1011	1
1378	1011	1
1745	1012	1
1681	1012	1
1381	1012	1
1060	1012	1
1015	1012	1
1379	1012	1
1307	1013	1
1419	1013	1
2082	1014	1
1306	1014	1
1305	1015	1
1474	1015	1
1304	1016	1
1520	1016	1
1311	1017	1
1484	1017	1
1310	1018	1
1038	1018	1
1041	1018	1
2050	1019	1
1919	1019	1
1309	1019	1
1919	1020	1
1771	1020	1
1299	1020	1
1466	1020	1
1297	1021	1
1893	1021	1
1853	1022	1
2019	1022	1
1296	1022	1
2658	1023	1
1903	1023	1
1126	1023	1
1533	1023	1
1303	1023	1
1047	1023	1
1152	1024	1
696	1024	1
1302	1024	1
2081	1025	1
1902	1025	1
1301	1025	1
2122	1026	1
1300	1026	1
1290	1027	1
2035	1027	1
1637	1027	1
1291	1028	1
1350	1028	1
1288	1029	1
1574	1029	1
1160	1029	1
1452	1029	1
1289	1030	1
1781	1030	1
1788	1030	1
1151	1031	1
1295	1031	1
1507	1031	1
2000	1032	1
1851	1032	1
1282	1032	1
888	1032	1
1679	1032	1
1999	1032	1
89	1032	1
32	1033	1
1767	1033	1
1283	1033	1
647	1033	1
781	1033	1
1741	1033	1
180	1033	1
31	1033	1
1575	1034	1
1281	1034	1
1424	1035	1
2051	1035	1
1504	1035	1
1981	1035	1
1286	1035	1
1705	1035	1
2658	1036	1
1903	1036	1
1126	1036	1
1533	1036	1
1287	1036	1
1047	1036	1
2043	1037	1
1284	1037	1
1643	1038	1
1265	1038	1
1417	1038	1
1285	1038	1
1337	1039	1
1864	1039	1
1005	1039	1
1832	1039	1
1006	1039	1
1587	1039	1
1336	1040	1
1518	1040	1
1338	1041	1
1871	1041	1
371	1041	1
1853	1042	1
1341	1042	1
1561	1043	1
1340	1043	1
1274	1043	1
1107	1043	1
1154	1044	1
1343	1044	1
1517	1044	1
1439	1044	1
1342	1045	1
2057	1045	1
2009	1045	1
2084	1046	1
1329	1046	1
1328	1047	1
1978	1047	1
1248	1048	1
1331	1048	1
1154	1049	1
1517	1049	1
1330	1049	1
1439	1049	1
1339	1050	1
2051	1050	1
2006	1050	1
2113	1050	1
1333	1050	1
1518	1051	1
1332	1051	1
1805	1052	1
1700	1052	1
1335	1052	1
2081	1053	1
1334	1053	1
1320	1054	1
1523	1054	1
1321	1055	1
1647	1055	1
1322	1056	1
1647	1056	1
1563	1056	1
1323	1057	1
1227	1057	1
1324	1058	1
1523	1058	1
1684	1059	1
1325	1059	1
1684	1060	1
1326	1060	1
1840	1060	1
1668	1061	1
1663	1061	1
1544	1061	1
1327	1061	1
829	1061	1
1797	1061	1
1991	1062	1
1312	1062	1
2594	1063	1
1313	1063	1
1396	1064	1
1314	1064	1
1658	1065	1
1407	1065	1
1732	1065	1
1737	1065	1
1736	1065	1
1738	1065	1
1315	1065	1
1585	1065	1
1626	1066	1
1811	1066	1
1316	1066	1
1407	1067	1
1317	1067	1
1109	1068	1
1095	1068	1
1318	1068	1
1638	1069	1
1319	1069	1
1494	1070	1
1313	1070	1
1495	1071	1
1578	1071	1
202	1071	1
109	1071	1
1137	1071	1
1492	1072	1
1036	1072	1
1055	1072	1
1493	1073	1
1864	1074	1
32	1074	1
1490	1074	1
219	1074	1
877	1074	1
2053	1075	1
1097	1075	1
1491	1075	1
1710	1075	1
1032	1076	1
2004	1076	1
1488	1076	1
1931	1076	1
1795	1076	1
1032	1077	1
1646	1077	1
1489	1077	1
962	1077	1
1502	1078	1
1503	1078	1
1878	1078	1
1500	1079	1
1501	1079	1
1498	1080	1
2140	1081	1
131	1081	1
1499	1081	1
1734	1082	1
1496	1082	1
1479	1083	1
442	1083	1
1529	1083	1
1691	1083	1
1477	1084	1
1415	1084	1
1369	1084	1
1792	1084	1
1474	1085	1
1473	1085	1
1472	1086	1
1784	1086	1
1760	1087	1
1487	1087	1
1037	1088	1
1486	1088	1
1483	1089	1
1675	1089	1
1087	1090	1
1481	1090	1
1480	1090	1
1524	1091	1
1780	1091	1
1525	1092	1
1019	1092	1
1520	1093	1
1519	1093	1
1522	1094	1
1047	1094	1
2659	1095	1
442	1095	1
1802	1095	1
1532	1095	1
2659	1096	1
1533	1096	1
1047	1096	1
1444	1097	1
1535	1097	1
1025	1098	1
1528	1098	1
1078	1098	1
1529	1099	1
1691	1099	1
3022	1100	1
2170	1100	1
3306	1100	1
2655	1100	1
1530	1100	1
1579	1101	1
1531	1101	1
1151	1102	1
1509	1102	1
1688	1102	1
1510	1103	1
616	1103	1
1505	1104	1
1380	1104	1
1151	1105	1
1507	1105	1
1506	1106	1
1244	1106	1
1069	1107	1
1516	1107	1
2283	1108	1
1519	1108	1
430	1109	1
1711	1109	1
1513	1109	1
1169	1110	1
1708	1110	1
1512	1110	1
1728	1111	1
1990	1111	1
1980	1111	1
1231	1111	1
1242	1111	1
1515	1111	1
1711	1112	1
285	1112	1
1514	1112	1
1426	1113	1
1175	1113	1
1108	1113	1
1424	1114	1
2051	1114	1
1430	1115	1
1429	1115	1
1431	1116	1
1863	1116	1
1546	1117	1
1428	1117	1
1726	1117	1
1014	1117	1
1434	1118	1
2152	1118	1
1435	1119	1
1437	1119	1
1417	1120	1
1432	1120	1
1204	1121	1
1433	1121	1
2152	1121	1
1436	1122	1
1437	1122	1
1375	1123	1
1411	1123	1
1410	1124	1
1958	1124	1
1682	1124	1
430	1124	1
1711	1124	1
1513	1124	1
1409	1125	1
430	1125	1
1408	1126	1
1682	1126	1
1415	1127	1
1369	1127	1
1413	1128	1
1344	1128	1
1412	1129	1
1616	1129	1
1726	1130	1
1418	1130	1
1501	1130	1
1014	1130	1
1415	1131	1
1369	1131	1
1416	1131	1
1135	1132	1
1656	1132	1
1917	1132	1
2007	1132	1
1543	1132	1
1423	1132	1
706	1133	1
1421	1133	1
1461	1134	1
523	1134	1
629	1135	1
1159	1135	1
1462	1135	1
2005	1135	1
1463	1136	1
1380	1136	1
2053	1137	1
1464	1137	1
1461	1138	1
1465	1138	1
523	1138	1
1466	1139	1
1879	1139	1
1468	1140	1
1469	1140	1
2495	1141	1
2279	1141	1
1679	1141	1
1470	1141	1
1479	1142	1
1016	1142	1
1441	1142	1
1440	1142	1
1445	1142	1
1084	1142	1
1479	1143	1
1016	1143	1
1440	1143	1
1445	1143	1
1084	1143	1
1892	1143	1
1048	1144	1
1443	1144	1
1102	1145	1
1442	1145	1
1406	1146	1
1446	1146	1
1447	1147	1
1449	1147	1
1447	1148	1
1448	1148	1
1353	1149	1
1450	1149	1
1979	1149	1
2003	1150	1
1619	1150	1
1453	1150	1
1274	1151	1
1455	1151	1
1471	1152	1
1046	1152	1
1454	1152	1
1642	1153	1
1755	1153	1
1643	1154	1
555	1154	1
1640	1155	1
1510	1155	1
1674	1155	1
1032	1156	1
1646	1156	1
1973	1157	1
1644	1157	1
1852	1158	1
1634	1158	1
379	1158	1
1635	1159	1
2084	1160	1
1638	1160	1
1639	1160	1
1638	1161	1
1639	1161	1
1754	1162	1
1636	1162	1
1048	1163	1
1039	1163	1
58	1163	1
1637	1163	1
1659	1164	1
1407	1164	1
1732	1164	1
1658	1165	1
1733	1165	1
1732	1165	1
1657	1166	1
1834	1166	1
1526	1167	1
1662	1167	1
1661	1167	1
1480	1167	1
1151	1168	1
1660	1168	1
1384	1169	1
1651	1169	1
1650	1169	1
647	1169	1
781	1169	1
180	1169	1
31	1169	1
568	1169	1
1384	1170	1
1650	1170	1
1187	1171	1
2051	1171	1
1462	1171	1
1649	1171	1
1557	1172	1
1648	1172	1
1655	1173	1
1788	1173	1
1080	1174	1
1824	1174	1
3263	1174	1
1652	1174	1
1608	1175	1
1897	1175	1
1609	1176	1
58	1176	1
1393	1176	1
1091	1176	1
1973	1177	1
1102	1177	1
1610	1177	1
1611	1178	1
1311	1178	1
1612	1179	1
2156	1179	1
1613	1180	1
1707	1180	1
1048	1181	1
1614	1181	1
1600	1181	1
1615	1182	1
1616	1182	1
1600	1183	1
1601	1183	1
1079	1183	1
1449	1184	1
1603	1184	1
1879	1185	1
1604	1185	1
1207	1186	1
1605	1186	1
1607	1186	1
1121	1186	1
1380	1187	1
1606	1187	1
1207	1188	1
1121	1188	1
1607	1188	1
1625	1189	1
1550	1189	1
1904	1189	1
1624	1190	1
1818	1190	1
1425	1191	1
1629	1191	1
1950	1191	1
1753	1191	1
1754	1191	1
1730	1192	1
1628	1192	1
1154	1193	1
1630	1193	1
1586	1193	1
1617	1194	1
1876	1194	1
1821	1195	1
1618	1195	1
1706	1195	1
1623	1196	1
1582	1197	1
1525	1197	1
1583	1198	1
1854	1198	1
1392	1198	1
1101	1199	1
1580	1199	1
2106	1199	1
1576	1200	1
1878	1200	1
1783	1201	1
1936	1201	1
1577	1201	1
2007	1202	1
1159	1202	1
2005	1202	1
1572	1202	1
1917	1203	1
1573	1203	1
1474	1204	1
1602	1204	1
1570	1204	1
1474	1205	1
1571	1205	1
1936	1206	1
1568	1206	1
1599	1207	1
1598	1207	1
1598	1208	1
1005	1208	1
1597	1209	1
1596	1209	1
1595	1210	1
1594	1210	1
1593	1210	1
1693	1210	1
1595	1211	1
1593	1211	1
1592	1212	1
1381	1212	1
2053	1213	1
1464	1213	1
1591	1213	1
1590	1213	1
1457	1214	1
1129	1214	1
1589	1214	1
35	1215	1
1588	1215	1
1587	1215	1
1198	1215	1
1006	1216	1
1587	1216	1
1473	1217	1
1586	1217	1
1986	1218	1
1658	1218	1
1407	1218	1
1732	1218	1
1585	1218	1
1658	1219	1
1081	1219	1
1732	1219	1
1737	1219	1
1315	1219	1
1360	1219	1
1584	1219	1
1548	1220	1
1547	1220	1
1549	1221	1
1194	1221	1
1967	1221	1
1625	1222	1
1018	1222	1
1550	1222	1
979	1222	1
1458	1223	1
1551	1223	1
1169	1224	1
1545	1224	1
1546	1225	1
1726	1225	1
1014	1225	1
1353	1226	1
1540	1226	1
1223	1227	1
1800	1227	1
1541	1227	1
1542	1227	1
1424	1228	1
2051	1228	1
1543	1228	1
1444	1229	1
1536	1229	1
1039	1230	1
58	1230	1
2120	1230	1
1537	1230	1
1565	1231	1
1564	1231	1
1567	1232	1
1387	1232	1
1565	1233	1
1566	1233	1
1687	1234	1
1560	1234	1
1760	1235	1
1562	1235	1
1557	1236	1
1556	1236	1
1559	1237	1
1558	1237	1
1865	1238	1
1553	1238	1
1149	1239	1
1552	1239	1
1832	1240	1
1555	1240	1
1554	1240	1
1555	1241	1
1554	1241	1
1762	1242	1
1527	1242	1
185	1242	1
1461	1242	1
749	1242	1
1465	1242	1
1034	1243	1
1760	1243	1
1364	1243	1
2015	1243	1
1947	1243	1
1767	1244	1
1741	1244	1
1766	1245	1
1422	1245	1
1547	1246	1
1764	1246	1
1771	1247	1
1421	1247	1
1772	1247	1
1039	1248	1
58	1248	1
1770	1248	1
1769	1249	1
1768	1249	1
1782	1250	1
1775	1250	1
1615	1251	1
1774	1251	1
1627	1252	1
1773	1252	1
1771	1253	1
1772	1253	1
1778	1254	1
2049	1254	1
1794	1254	1
1779	1255	1
1048	1256	1
1776	1256	1
2035	1256	1
1777	1256	1
1782	1257	1
1461	1257	1
1783	1258	1
1936	1258	1
1781	1259	1
1788	1259	1
1786	1260	1
1757	1260	1
1929	1260	1
1928	1260	1
2023	1261	1
1787	1261	1
1785	1261	1
1757	1261	1
1929	1261	1
1928	1261	1
1790	1262	1
1788	1262	1
1916	1263	1
1848	1263	1
2023	1263	1
1791	1263	1
1929	1263	1
1928	1263	1
2067	1264	1
781	1264	1
31	1264	1
1166	1264	1
1789	1264	1
1728	1265	1
1817	1265	1
1798	1265	1
1367	1265	1
1729	1266	1
1730	1266	1
1407	1267	1
1733	1267	1
1407	1268	1
1733	1268	1
1732	1268	1
1986	1269	1
1735	1269	1
1407	1270	1
1734	1270	1
1658	1271	1
1407	1271	1
1732	1271	1
1737	1271	1
1736	1271	1
1738	1271	1
1658	1272	1
1732	1272	1
1737	1272	1
1736	1272	1
1494	1273	1
1844	1273	1
1739	1273	1
1843	1273	1
1658	1274	1
1407	1274	1
1732	1274	1
1736	1274	1
1738	1274	1
32	1275	1
1741	1275	1
1919	1276	1
1740	1276	1
1080	1277	1
1743	1277	1
1741	1278	1
13	1278	1
1742	1278	1
1745	1279	1
1734	1279	1
1072	1279	1
1410	1280	1
1746	1280	1
1747	1281	1
1497	1281	1
1987	1282	1
1985	1282	1
868	1282	1
1748	1282	1
1631	1282	1
679	1282	1
678	1282	1
2137	1282	1
1721	1282	1
1136	1282	1
1749	1283	1
1210	1283	1
1516	1283	1
1751	1284	1
1262	1284	1
2107	1285	1
1752	1285	1
1387	1286	1
1758	1286	1
1387	1287	1
1759	1287	1
327	1288	1
1702	1288	1
1511	1289	1
1701	1289	1
1805	1290	1
1700	1290	1
1699	1291	1
1930	1291	1
3124	1291	1
1698	1292	1
1697	1292	1
430	1293	1
1711	1293	1
970	1294	1
1064	1294	1
2211	1294	1
1708	1294	1
2081	1295	1
1917	1295	1
1706	1295	1
1471	1295	1
1046	1295	1
2081	1296	1
1706	1296	1
1705	1296	1
1471	1296	1
1046	1296	1
1703	1297	1
2050	1297	1
1704	1297	1
1718	1298	1
1730	1298	1
1717	1298	1
1719	1299	1
1069	1299	1
1409	1300	1
1407	1300	1
1716	1300	1
1718	1301	1
1717	1301	1
1714	1302	1
1224	1302	1
292	1303	1
1715	1303	1
617	1303	1
2687	1303	1
1274	1303	1
1712	1304	1
1224	1304	1
1713	1305	1
1224	1305	1
1968	1306	1
1726	1306	1
1298	1306	1
1375	1307	1
1727	1307	1
1101	1308	1
442	1308	1
2106	1308	1
1724	1308	1
1529	1308	1
279	1309	1
38	1309	1
80	1309	1
219	1309	1
1678	1309	1
1725	1309	1
877	1309	1
1255	1310	1
1920	1310	1
430	1310	1
994	1310	1
1722	1310	1
1645	1311	1
1720	1311	1
1669	1312	1
1561	1312	1
1274	1312	1
1861	1312	1
1821	1313	1
1670	1313	1
1665	1314	1
781	1314	1
1664	1315	1
1921	1315	1
1874	1315	1
1035	1316	1
1667	1316	1
1035	1317	1
1666	1317	1
1109	1318	1
1677	1318	1
1095	1318	1
1676	1319	1
856	1319	1
22	1320	1
1679	1320	1
1391	1321	1
1673	1321	1
1671	1322	1
1672	1322	1
1122	1323	1
1675	1323	1
1103	1324	1
1960	1324	1
1674	1324	1
1684	1325	1
1685	1325	1
1879	1325	1
1686	1326	1
1600	1326	1
1048	1327	1
1476	1327	1
1680	1327	1
1038	1327	1
1412	1327	1
1041	1327	1
1043	1327	1
1732	1328	1
1681	1328	1
2136	1328	1
1039	1329	1
1683	1329	1
58	1329	1
1637	1329	1
1149	1330	1
1534	1330	1
1688	1330	1
1391	1331	1
1689	1331	1
1909	1332	1
1690	1332	1
1696	1333	1
1691	1333	1
1913	1334	1
1084	1334	1
1763	1335	1
1912	1335	1
1925	1335	1
1911	1335	1
1915	1336	1
1941	1337	1
1919	1337	1
1919	1338	1
1918	1338	1
1373	1339	1
1905	1339	1
1023	1340	1
1908	1340	1
1478	1341	1
1910	1341	1
1896	1342	1
647	1342	1
781	1342	1
1898	1343	1
2970	1343	1
1177	1343	1
1899	1344	1
1900	1344	1
423	1344	1
1923	1345	1
1902	1345	1
1903	1346	1
1047	1346	1
1718	1347	1
1888	1347	1
1889	1347	1
2917	1348	1
1890	1348	1
1383	1348	1
1126	1349	1
1892	1349	1
1047	1349	1
1691	1349	1
1117	1350	1
1352	1350	1
1635	1350	1
1044	1350	1
1894	1350	1
1895	1350	1
957	1351	1
1894	1351	1
1895	1351	1
1882	1352	1
1344	1352	1
1132	1353	1
1647	1353	1
1886	1353	1
1885	1353	1
1884	1353	1
1647	1354	1
1884	1354	1
1744	1355	1
1148	1355	1
1875	1355	1
1870	1356	1
1920	1356	1
1874	1356	1
1032	1357	1
1489	1357	1
1873	1357	1
1179	1358	1
1872	1358	1
2082	1359	1
769	1359	1
1877	1359	1
1024	1360	1
1876	1360	1
1867	1361	1
1868	1361	1
1102	1362	1
1865	1362	1
2697	1363	1
1868	1363	1
1869	1364	1
1857	1364	1
1653	1364	1
340	1365	1
1858	1365	1
1859	1365	1
1921	1366	1
1856	1366	1
1858	1367	1
1860	1367	1
1761	1368	1
1855	1368	1
1293	1368	1
1854	1369	1
1919	1369	1
1459	1370	1
1851	1370	1
863	1370	1
1849	1371	1
1850	1371	1
3125	1371	1
1845	1372	1
1694	1372	1
2049	1373	1
2050	1373	1
1847	1373	1
2050	1374	1
1424	1374	1
2001	1374	1
1846	1374	1
1102	1375	1
1841	1375	1
1610	1376	1
1843	1376	1
1203	1377	1
1842	1377	1
1836	1378	1
1756	1378	1
1836	1379	1
1837	1379	1
1839	1379	1
1184	1379	1
1756	1379	1
1838	1380	1
1839	1380	1
1184	1380	1
1835	1380	1
1756	1380	1
1833	1381	1
1834	1381	1
1839	1382	1
1835	1382	1
1696	1383	1
2140	1383	1
1635	1383	1
1829	1383	1
1044	1383	1
3038	1384	1
1830	1384	1
1603	1384	1
1831	1385	1
1690	1385	1
1080	1386	1
1824	1386	1
3263	1386	1
57	1387	1
1513	1387	1
1825	1387	1
1949	1388	1
1826	1388	1
1524	1389	1
1827	1389	1
1823	1390	1
1407	1390	1
1822	1391	1
1227	1391	1
1820	1392	1
1995	1392	1
1561	1393	1
1819	1393	1
1207	1393	1
1257	1393	1
1121	1393	1
1816	1394	1
1692	1394	1
1815	1395	1
1529	1395	1
1691	1395	1
2958	1396	1
2956	1396	1
2264	1396	1
1814	1396	1
1813	1396	1
1728	1397	1
1065	1397	1
1901	1397	1
1919	1397	1
1765	1397	1
1231	1397	1
796	1397	1
1812	1397	1
1641	1398	1
1695	1398	1
1811	1398	1
1809	1399	1
1223	1400	1
2848	1400	1
1800	1400	1
1808	1400	1
1806	1401	1
1807	1401	1
2146	1401	1
1805	1402	1
344	1402	1
1852	1403	1
442	1403	1
1802	1403	1
1634	1403	1
1633	1403	1
1139	1403	1
2169	1403	1
1803	1404	1
1377	1404	1
1801	1405	1
2154	1405	1
1794	1406	1
1795	1406	1
796	1407	1
1795	1407	1
1793	1407	1
2032	1408	1
1350	1408	1
1013	1408	1
2033	1409	1
2050	1409	1
2034	1409	1
2051	1409	1
1981	1409	1
1904	1409	1
2050	1410	1
2034	1410	1
2051	1410	1
1981	1410	1
1904	1410	1
1375	1411	1
2036	1411	1
1476	1412	1
2037	1412	1
1308	1412	1
1042	1412	1
1120	1412	1
2038	1413	1
1308	1413	1
3229	1413	1
2039	1414	1
2040	1414	1
1525	1415	1
2042	1415	1
1255	1416	1
1581	1416	1
1367	1416	1
1278	1416	1
2044	1416	1
1223	1417	1
1800	1417	1
2665	1417	1
2275	1417	1
2045	1417	1
1467	1418	1
2046	1418	1
2016	1419	1
1034	1419	1
2015	1419	1
2019	1420	1
617	1420	1
2017	1421	1
2018	1421	1
2021	1422	1
1279	1422	1
2023	1423	1
1929	1423	1
1237	1424	1
2119	1424	1
1802	1424	1
1446	1424	1
1726	1424	1
2025	1424	1
1059	1424	1
1501	1424	1
1047	1424	1
1014	1424	1
1919	1425	1
2024	1425	1
1094	1426	1
2027	1426	1
1638	1426	1
1978	1426	1
2053	1427	1
2026	1427	1
2041	1428	1
1012	1428	1
2029	1428	1
2041	1429	1
1012	1429	1
2030	1429	1
2002	1430	1
2050	1430	1
2003	1431	1
2004	1431	1
1471	1431	1
1046	1431	1
2000	1432	1
1851	1432	1
888	1432	1
1679	1432	1
89	1432	1
1977	1432	1
2006	1433	1
2007	1433	1
1462	1433	1
2111	1433	1
2051	1434	1
2007	1434	1
1627	1435	1
2010	1435	1
1093	1435	1
1773	1435	1
2011	1436	1
2009	1437	1
1436	1437	1
1531	1437	1
2014	1438	1
1639	1438	1
2016	1439	1
1034	1439	1
2015	1439	1
2011	1440	1
2012	1440	1
1880	1441	1
2011	1441	1
2012	1441	1
1480	1441	1
2013	1441	1
1987	1442	1
309	1442	1
9	1442	1
1986	1443	1
1733	1443	1
1732	1443	1
1985	1444	1
679	1444	1
678	1444	1
1389	1445	1
1984	1445	1
1989	1446	1
1876	1446	1
1989	1447	1
1988	1447	1
1692	1448	1
1994	1448	1
1816	1449	1
1692	1449	1
1993	1449	1
1896	1450	1
1665	1450	1
781	1450	1
1992	1450	1
180	1450	1
31	1450	1
1851	1451	1
888	1451	1
89	1451	1
1999	1451	1
1998	1452	1
1996	1452	1
1998	1453	1
1997	1453	1
1972	1454	1
1971	1454	1
1974	1455	1
1976	1455	1
1975	1456	1
1810	1456	1
1978	1456	1
1968	1457	1
1973	1458	1
1969	1458	1
2161	1458	1
863	1458	1
1130	1459	1
906	1459	1
1970	1459	1
863	1459	1
1375	1460	1
1461	1460	1
1980	1460	1
1424	1461	1
2051	1461	1
1144	1461	1
1981	1461	1
1543	1461	1
1471	1461	1
1046	1461	1
2035	1462	1
58	1462	1
1982	1462	1
1389	1463	1
1983	1463	1
1438	1463	1
1358	1464	1
1280	1464	1
1977	1464	1
1638	1465	1
1978	1465	1
1980	1466	1
1979	1466	1
1957	1467	1
1384	1467	1
2003	1468	1
1956	1468	1
1471	1468	1
1046	1468	1
1959	1469	1
1103	1469	1
355	1469	1
1960	1469	1
1674	1469	1
1148	1470	1
1953	1470	1
1952	1471	1
1851	1471	1
888	1471	1
554	1471	1
2003	1472	1
2081	1472	1
1955	1472	1
1471	1472	1
1046	1472	1
1761	1473	1
1293	1473	1
1954	1473	1
1973	1474	1
2050	1474	1
1204	1474	1
1965	1474	1
1224	1474	1
1138	1474	1
2122	1474	1
1067	1475	1
1964	1475	1
1056	1475	1
1858	1476	1
1967	1476	1
1354	1477	1
1904	1477	1
1349	1477	1
1966	1477	1
1152	1478	1
696	1478	1
1961	1478	1
1067	1479	1
1056	1479	1
1963	1479	1
1067	1480	1
1056	1480	1
1962	1480	1
1942	1481	1
1407	1481	1
1940	1482	1
1084	1482	1
2	1483	1
1130	1483	1
1938	1483	1
1851	1483	1
863	1483	1
1936	1484	1
1937	1484	1
1950	1485	1
1753	1485	1
1754	1485	1
1082	1486	1
1600	1486	1
1951	1486	1
1760	1487	1
1948	1487	1
1950	1488	1
1949	1488	1
1186	1489	1
1871	1489	1
1946	1489	1
1945	1489	1
1760	1490	1
1364	1490	1
1947	1490	1
1062	1491	1
1944	1491	1
1887	1492	1
1871	1492	1
1471	1492	1
1046	1492	1
1945	1492	1
1927	1493	1
2081	1493	1
1407	1494	1
1924	1494	1
2150	1495	1
2065	1495	1
1665	1495	1
1475	1495	1
2162	1495	1
1922	1495	1
1992	1495	1
781	1495	1
554	1495	1
180	1495	1
1420	1495	1
1921	1496	1
1920	1496	1
1525	1497	1
173	1497	1
1935	1497	1
866	1498	1
1676	1498	1
1934	1498	1
1422	1498	1
1505	1499	1
1933	1499	1
1080	1500	1
1932	1500	1
1294	1501	1
1931	1501	1
2023	1502	1
1929	1502	1
1928	1502	1
2200	1503	1
2594	1503	1
2201	1504	1
2180	1504	1
2202	1505	1
32	1506	1
2203	1506	1
2763	1507	1
2205	1507	1
2266	1507	1
2192	1508	1
2500	1508	1
2547	1508	1
2237	1509	1
1432	1509	1
2194	1509	1
2657	1510	1
2195	1510	1
2196	1511	1
2282	1512	1
2199	1512	1
2177	1513	1
1909	1513	1
1690	1513	1
2050	1514	1
1919	1514	1
2160	1514	1
2176	1514	1
2078	1514	1
2591	1515	1
2179	1515	1
2737	1515	1
2936	1516	1
2181	1516	1
2183	1517	1
2513	1517	1
649	1518	1
2866	1518	1
1013	1518	1
2182	1518	1
2235	1519	1
3053	1519	1
3052	1519	1
2232	1520	1
2238	1521	1
3274	1521	1
3017	1522	1
2239	1522	1
2236	1523	1
2812	1524	1
2227	1524	1
2492	1525	1
2265	1525	1
3172	1525	1
2224	1525	1
2559	1526	1
3023	1526	1
2225	1526	1
3270	1527	1
2346	1527	1
2231	1527	1
2845	1528	1
2228	1528	1
2217	1529	1
3045	1529	1
2509	1530	1
2216	1530	1
2222	1531	1
472	1531	1
2221	1532	1
2220	1533	1
3152	1533	1
3086	1534	1
2211	1534	1
2210	1535	1
2196	1535	1
2209	1536	1
3213	1536	1
184	1537	1
2208	1537	1
3236	1538	1
2215	1538	1
2741	1539	1
2214	1539	1
2696	1540	1
2213	1540	1
2268	1541	1
2777	1541	1
2822	1542	1
2269	1542	1
2270	1543	1
3072	1543	1
2376	1543	1
2271	1544	1
3052	1544	1
2267	1545	1
557	1545	1
2895	1545	1
2300	1546	1
355	1546	1
2260	1546	1
2261	1547	1
3125	1547	1
1421	1547	1
2555	1548	1
2256	1548	1
2257	1549	1
3208	1550	1
1635	1550	1
2258	1550	1
2252	1551	1
2956	1551	1
3174	1551	1
2255	1552	1
2520	1552	1
2300	1553	1
2254	1553	1
2892	1553	1
2248	1554	1
3190	1554	1
3189	1554	1
2798	1555	1
2250	1555	1
2245	1556	1
1635	1556	1
2214	1556	1
3036	1557	1
2247	1557	1
2246	1558	1
302	1558	1
3191	1559	1
2241	1559	1
3115	1560	1
2240	1560	1
2302	1561	1
2918	1561	1
2301	1562	1
2893	1562	1
2298	1563	1
3255	1563	1
2833	1564	1
2296	1564	1
3162	1564	1
1544	1565	1
2294	1565	1
2775	1565	1
3194	1566	1
2295	1566	1
2831	1567	1
2292	1567	1
2970	1568	1
280	1568	1
2293	1568	1
2795	1569	1
2290	1569	1
3049	1570	1
2291	1570	1
3216	1571	1
2288	1571	1
2287	1572	1
2833	1572	1
2286	1573	1
2616	1573	1
2303	1574	1
2285	1574	1
2284	1575	1
3145	1575	1
2283	1576	1
2647	1576	1
856	1576	1
2537	1577	1
2281	1577	1
2751	1578	1
2280	1578	1
906	1579	1
2279	1579	1
2278	1580	1
3030	1580	1
2277	1581	1
2844	1581	1
3086	1582	1
2211	1582	1
1708	1582	1
2276	1582	1
2274	1583	1
2778	1584	1
3008	1584	1
2273	1584	1
2604	1585	1
2653	1585	1
2272	1585	1
2065	1586	1
1020	1586	1
647	1586	1
781	1586	1
2092	1586	1
31	1586	1
2067	1587	1
1166	1587	1
2065	1588	1
2066	1588	1
1475	1588	1
2069	1589	1
2070	1589	1
1723	1589	1
2068	1590	1
1407	1591	1
2071	1591	1
1456	1592	1
2053	1592	1
2055	1592	1
1828	1592	1
2073	1592	1
1710	1592	1
1879	1592	1
2099	1593	1
2072	1593	1
1600	1594	1
2075	1594	1
1679	1595	1
2074	1595	1
89	1595	1
1926	1596	1
2050	1596	1
2076	1596	1
1583	1597	1
1930	1597	1
2079	1597	1
2048	1598	1
2047	1598	1
2049	1599	1
2050	1599	1
1820	1599	1
1907	1599	1
2050	1600	1
2050	1601	1
2051	1601	1
1897	1602	1
2052	1602	1
2146	1603	1
2055	1603	1
2056	1603	1
2056	1604	1
2057	1604	1
1702	1605	1
2058	1605	1
1115	1606	1
2059	1606	1
1115	1607	1
2060	1607	1
1357	1608	1
2062	1608	1
2127	1609	1
2063	1609	1
1728	1610	1
2098	1610	1
1231	1610	1
1169	1611	1
2097	1611	1
2096	1612	1
1919	1612	1
2103	1613	1
2102	1613	1
2101	1613	1
1883	1614	1
2102	1614	1
2100	1615	1
1224	1615	1
1169	1616	1
1752	1616	1
2107	1616	1
1115	1617	1
2085	1617	1
219	1617	1
2105	1617	1
877	1617	1
1144	1618	1
2104	1618	1
1104	1618	1
2007	1619	1
2111	1619	1
2110	1619	1
2007	1620	1
2110	1620	1
1799	1621	1
2109	1621	1
2108	1621	1
2082	1622	1
906	1622	1
267	1622	1
2083	1623	1
32	1623	1
2084	1623	1
2080	1624	1
2022	1624	1
1382	1624	1
1518	1624	1
2087	1625	1
2088	1625	1
2084	1626	1
1161	1626	1
2091	1627	1
2031	1627	1
2086	1628	1
2090	1628	1
2088	1628	1
1016	1629	1
1084	1629	1
1398	1629	1
2094	1629	1
1919	1630	1
2095	1630	1
1773	1631	1
2093	1631	1
2133	1632	1
1102	1632	1
2135	1633	1
406	1633	1
1512	1633	1
1102	1634	1
2134	1634	1
2128	1635	1
2127	1635	1
2132	1636	1
2131	1636	1
2130	1636	1
964	1636	1
1372	1637	1
2141	1637	1
1117	1638	1
1635	1638	1
2140	1638	1
1482	1638	1
1044	1638	1
2142	1639	1
2136	1639	1
1407	1640	1
2136	1640	1
1017	1641	1
1621	1641	1
2139	1641	1
1622	1642	1
2138	1642	1
2116	1643	1
1069	1643	1
2117	1644	1
1311	1644	1
1484	1644	1
1033	1645	1
2118	1645	1
1151	1646	1
2119	1646	1
1243	1646	1
2051	1647	1
2112	1647	1
2007	1647	1
2113	1647	1
1981	1647	1
1194	1647	1
1967	1647	1
2111	1647	1
2114	1648	1
1122	1648	1
1919	1649	1
2115	1649	1
1771	1650	1
2124	1650	1
1772	1650	1
1350	1651	1
2125	1651	1
1495	1652	1
202	1652	1
2126	1652	1
109	1652	1
1427	1653	1
1451	1653	1
2120	1653	1
1269	1654	1
2121	1654	1
1052	1655	1
2122	1655	1
2176	1656	1
2123	1656	1
2167	1657	1
3022	1657	1
2170	1657	1
3306	1657	1
2655	1657	1
2166	1658	1
1635	1658	1
1044	1658	1
2165	1659	1
2164	1659	1
2163	1660	1
2147	1660	1
2082	1661	1
906	1661	1
2162	1661	1
554	1661	1
1973	1662	1
2161	1662	1
1919	1663	1
2160	1663	1
1176	1664	1
2175	1664	1
2175	1665	1
1176	1665	1
2174	1665	1
2173	1666	1
2172	1666	1
1102	1667	1
2172	1667	1
1102	1668	1
2171	1668	1
1852	1669	1
442	1669	1
1633	1669	1
1139	1669	1
2169	1669	1
1867	1670	1
2168	1670	1
1375	1671	1
2150	1671	1
1990	1671	1
1980	1671	1
647	1671	1
781	1671	1
31	1671	1
2151	1672	1
2149	1672	1
647	1672	1
2148	1673	1
2138	1673	1
2149	1674	1
1919	1674	1
1914	1675	1
2144	1675	1
2143	1675	1
2145	1676	1
2143	1676	1
770	1677	1
2158	1677	1
1417	1677	1
1085	1678	1
2159	1678	1
1612	1679	1
2156	1679	1
1834	1680	1
2155	1680	1
1919	1681	1
1204	1681	1
2152	1681	1
1813	1682	1
2153	1682	1
2443	1683	1
2260	1683	1
2700	1684	1
2442	1684	1
856	1684	1
3108	1684	1
2672	1685	1
2440	1685	1
2526	1686	1
2447	1686	1
366	1686	1
2446	1687	1
2707	1687	1
2445	1688	1
3168	1688	1
3291	1688	1
3169	1688	1
2444	1689	1
3241	1689	1
3219	1690	1
2434	1690	1
3032	1691	1
2785	1691	1
2433	1691	1
2524	1692	1
2432	1692	1
2814	1693	1
2712	1693	1
2439	1693	1
3245	1693	1
2421	1694	1
3287	1694	1
3166	1694	1
2438	1694	1
673	1694	1
2437	1695	1
3241	1696	1
2436	1696	1
2458	1697	1
2318	1697	1
2459	1698	1
2830	1698	1
2625	1699	1
2457	1699	1
2553	1699	1
2345	1699	1
3229	1699	1
2462	1700	1
682	1700	1
2791	1700	1
2460	1701	1
3155	1701	1
1668	1702	1
2203	1702	1
1544	1702	1
80	1702	1
3163	1702	1
2461	1702	1
829	1702	1
3154	1702	1
3029	1702	1
2450	1703	1
3076	1703	1
3277	1704	1
2451	1704	1
2658	1705	1
2659	1705	1
442	1705	1
2448	1705	1
2913	1706	1
2454	1706	1
2985	1707	1
2984	1707	1
2986	1707	1
2455	1707	1
2911	1708	1
2452	1708	1
2982	1709	1
2453	1709	1
2473	1710	1
2818	1710	1
2472	1711	1
2931	1711	1
2475	1712	1
2213	1712	1
2474	1713	1
2535	1713	1
2477	1714	1
2591	1714	1
2737	1714	1
2259	1714	1
2716	1715	1
2476	1715	1
2553	1716	1
2479	1716	1
3033	1717	1
2478	1717	1
3260	1717	1
279	1718	1
38	1718	1
2465	1718	1
2859	1718	1
374	1719	1
2464	1719	1
2670	1719	1
2869	1720	1
414	1720	1
2467	1720	1
2814	1721	1
2712	1721	1
2466	1721	1
2439	1721	1
3203	1722	1
3205	1722	1
2469	1722	1
1517	1723	1
2468	1723	1
2471	1723	1
2541	1724	1
2470	1724	1
2489	1725	1
2193	1725	1
2932	1726	1
2493	1726	1
2353	1727	1
2480	1727	1
3237	1728	1
2481	1728	1
2632	1729	1
2482	1729	1
2483	1730	1
286	1730	1
2944	1730	1
2246	1731	1
2484	1731	1
3126	1731	1
2907	1732	1
2485	1732	1
3126	1733	1
2486	1733	1
2511	1734	1
3053	1734	1
3052	1734	1
2303	1735	1
2507	1735	1
2506	1736	1
2695	1736	1
2505	1737	1
2198	1737	1
2956	1738	1
2504	1738	1
3037	1739	1
2502	1739	1
2501	1740	1
2334	1740	1
2696	1741	1
2499	1741	1
2932	1742	1
2498	1742	1
2497	1743	1
3295	1744	1
2496	1744	1
2526	1745	1
2811	1745	1
2527	1746	1
2733	1746	1
2525	1747	1
2805	1747	1
2518	1748	1
3109	1748	1
2517	1749	1
3109	1749	1
2222	1750	1
2514	1750	1
3034	1751	1
2541	1751	1
3203	1751	1
2233	1751	1
2540	1752	1
2186	1752	1
2813	1752	1
3043	1752	1
2543	1753	1
2542	1753	1
2542	1754	1
2903	1754	1
2538	1755	1
2712	1756	1
3021	1756	1
2533	1756	1
2712	1757	1
3021	1757	1
2532	1757	1
2536	1758	1
2535	1758	1
3126	1758	1
3021	1759	1
2532	1759	1
2534	1759	1
3003	1760	1
2528	1760	1
312	1761	1
2531	1761	1
312	1762	1
2531	1762	1
2530	1762	1
2556	1763	1
3111	1763	1
2557	1764	1
2362	1764	1
2558	1765	1
2522	1765	1
2727	1765	1
2552	1766	1
2554	1767	1
2786	1767	1
2785	1767	1
2599	1768	1
2549	1768	1
2349	1768	1
2550	1769	1
2982	1769	1
3139	1769	1
2997	1770	1
2544	1770	1
2997	1771	1
2545	1771	1
2185	1772	1
2307	1772	1
2262	1772	1
2304	1773	1
2190	1773	1
2305	1774	1
3031	1774	1
2310	1775	1
2539	1775	1
2311	1776	1
2246	1776	1
3126	1776	1
2308	1777	1
2832	1777	1
3271	1778	1
2935	1778	1
2309	1778	1
2314	1779	1
3158	1779	1
2312	1780	1
2289	1780	1
3292	1781	1
2319	1781	1
2769	1782	1
2316	1782	1
1005	1783	1
2317	1783	1
2322	1784	1
2631	1784	1
2320	1785	1
2879	1785	1
2878	1785	1
2327	1786	1
2212	1786	1
2596	1787	1
2595	1787	1
2326	1787	1
3176	1788	1
2325	1788	1
2244	1788	1
2833	1789	1
2324	1789	1
3281	1790	1
2331	1790	1
2330	1791	1
1668	1792	1
2329	1792	1
2335	1793	1
3168	1793	1
3291	1793	1
2956	1794	1
2333	1794	1
2997	1795	1
2332	1795	1
2337	1796	1
852	1796	1
3120	1796	1
2338	1797	1
2732	1797	1
3125	1797	1
2340	1798	1
379	1798	1
3165	1799	1
2341	1799	1
2342	1800	1
2227	1800	1
2343	1801	1
333	1801	1
2529	1801	1
3177	1802	1
2344	1802	1
2347	1803	1
3228	1803	1
2734	1804	1
3196	1804	1
2350	1804	1
2352	1805	1
3275	1805	1
2355	1806	1
2809	1806	1
2358	1806	1
2185	1807	1
2307	1807	1
2357	1807	1
2262	1807	1
2356	1808	1
2946	1808	1
2837	1809	1
2359	1809	1
2565	1810	1
2360	1810	1
2899	1811	1
2363	1811	1
461	1812	1
2362	1812	1
2928	1813	1
1790	1813	1
2364	1813	1
3190	1814	1
2367	1814	1
3286	1815	1
2366	1815	1
2374	1816	1
2694	1816	1
2423	1817	1
2372	1817	1
3141	1817	1
2373	1818	1
2836	1819	1
2371	1819	1
2368	1820	1
2518	1820	1
2369	1821	1
717	1822	1
2382	1822	1
3187	1822	1
2679	1823	1
2383	1823	1
796	1823	1
3287	1824	1
2380	1824	1
2629	1825	1
2381	1825	1
2503	1826	1
2378	1826	1
2379	1827	1
2685	1827	1
2391	1828	1
2246	1828	1
3126	1828	1
2390	1829	1
2942	1829	1
2389	1830	1
2388	1831	1
2754	1831	1
2387	1832	1
2787	1832	1
2386	1833	1
2687	1833	1
2385	1834	1
2873	1834	1
2817	1835	1
2384	1835	1
2226	1836	1
2399	1836	1
2398	1837	1
2395	1837	1
2679	1838	1
2397	1838	1
1744	1839	1
2395	1839	1
3210	1840	1
2394	1840	1
2782	1841	1
2393	1841	1
2490	1842	1
2220	1842	1
2392	1842	1
2404	1843	1
3173	1843	1
2405	1844	1
2961	1844	1
2406	1845	1
2554	1845	1
2786	1845	1
2407	1846	1
2317	1846	1
2400	1847	1
2977	1847	1
3304	1847	1
2341	1848	1
2401	1848	1
877	1848	1
726	1848	1
2321	1849	1
2402	1849	1
219	1849	1
877	1849	1
3032	1850	1
2554	1850	1
2403	1850	1
2786	1850	1
2785	1850	1
2742	1851	1
2412	1851	1
2413	1852	1
2263	1852	1
3134	1853	1
2414	1853	1
3258	1854	1
2415	1854	1
2580	1855	1
355	1855	1
2408	1855	1
2739	1856	1
2409	1856	1
2689	1857	1
2410	1857	1
3276	1858	1
2411	1858	1
2421	1859	1
2375	1859	1
1932	1859	1
673	1859	1
2420	1860	1
2931	1860	1
3044	1860	1
2422	1861	1
2884	1861	1
2416	1862	1
961	1862	1
3042	1862	1
2419	1863	1
2754	1863	1
2365	1863	1
3013	1863	1
2972	1864	1
2418	1864	1
3179	1865	1
2429	1865	1
3107	1865	1
2260	1866	1
2428	1866	1
2431	1867	1
3156	1868	1
875	1868	1
2430	1868	1
2888	1869	1
2425	1869	1
2424	1870	1
2213	1870	1
2441	1871	1
2426	1871	1
2748	1872	1
2749	1872	1
2734	1873	1
3196	1873	1
2249	1873	1
2747	1873	1
3299	1874	1
2744	1874	1
2834	1875	1
2745	1875	1
2260	1875	1
2725	1875	1
3079	1875	1
2738	1876	1
2259	1876	1
1529	1877	1
2739	1877	1
3048	1878	1
2736	1878	1
2810	1879	1
2735	1879	1
2988	1880	1
2731	1880	1
2730	1881	1
2570	1881	1
906	1882	1
2729	1882	1
3175	1882	1
888	1882	1
554	1882	1
892	1882	1
2726	1883	1
2779	1884	1
2725	1884	1
2724	1885	1
2723	1885	1
3287	1886	1
2722	1886	1
2717	1887	1
2718	1887	1
2719	1888	1
2720	1888	1
2713	1889	1
3090	1889	1
2708	1890	1
2983	1890	1
2740	1890	1
3287	1891	1
2704	1891	1
2700	1892	1
856	1892	1
3108	1892	1
1421	1892	1
2702	1893	1
3279	1893	1
2234	1894	1
2592	1894	1
2699	1894	1
2592	1895	1
2698	1895	1
2693	1896	1
2924	1896	1
2692	1897	1
2242	1897	1
2689	1898	1
2688	1898	1
2690	1898	1
2656	1899	1
2691	1899	1
2689	1900	1
2690	1900	1
2810	1901	1
2604	1901	1
2808	1902	1
2806	1902	1
2807	1902	1
2712	1903	1
2814	1903	1
32	1904	1
472	1904	1
2813	1904	1
340	1905	1
2800	1905	1
2802	1906	1
2801	1906	1
2806	1907	1
2804	1908	1
2794	1909	1
2351	1909	1
2624	1910	1
2793	1910	1
1228	1910	1
2792	1911	1
3209	1911	1
554	1911	1
2795	1912	1
2796	1912	1
2784	1913	1
2774	1913	1
2947	1914	1
2790	1914	1
2789	1915	1
2788	1915	1
2776	1916	1
2777	1916	1
2780	1917	1
2225	1917	1
2559	1918	1
3023	1918	1
2781	1918	1
2225	1918	1
2783	1919	1
807	1920	1
2435	1920	1
2768	1920	1
3273	1920	1
2770	1921	1
3143	1921	1
2581	1922	1
355	1922	1
2771	1922	1
3278	1923	1
2772	1923	1
3240	1924	1
2773	1924	1
42	1925	1
2774	1925	1
1358	1926	1
32	1926	1
2775	1926	1
2761	1927	1
2956	1927	1
2762	1928	1
2711	1928	1
2764	1929	1
2297	1929	1
2767	1930	1
2605	1930	1
442	1931	1
2766	1931	1
2996	1931	1
1529	1931	1
2752	1932	1
2857	1932	1
1709	1933	1
2754	1933	1
852	1934	1
3120	1934	1
2757	1934	1
2427	1934	1
2755	1935	1
2756	1935	1
2569	1936	1
2758	1936	1
2615	1937	1
2617	1937	1
2613	1938	1
2612	1938	1
2760	1939	1
2611	1939	1
2824	1939	1
2610	1940	1
2535	1940	1
2609	1941	1
2608	1941	1
2608	1942	1
2607	1942	1
2622	1943	1
2621	1943	1
2615	1944	1
2620	1944	1
2620	1945	1
2619	1945	1
2617	1945	1
2615	1946	1
2619	1946	1
2618	1946	1
2617	1946	1
2286	1947	1
2617	1947	1
2616	1947	1
2616	1948	1
2598	1949	1
2230	1949	1
2596	1950	1
2595	1950	1
2597	1951	1
2340	1951	1
379	1951	1
2596	1952	1
2326	1952	1
2595	1952	1
2323	1953	1
2614	1953	1
2606	1953	1
2608	1954	1
2607	1954	1
2643	1955	1
2602	1955	1
2604	1956	1
2705	1956	1
2603	1956	1
2980	1957	1
2515	1957	1
2600	1957	1
2581	1958	1
355	1958	1
2581	1959	1
2580	1959	1
355	1959	1
2582	1960	1
2561	1960	1
2577	1961	1
2917	1961	1
2491	1962	1
2697	1962	1
2579	1962	1
2578	1963	1
2634	1963	1
2746	1964	1
2589	1964	1
2588	1965	1
2590	1966	1
2585	1967	1
2587	1967	1
2586	1967	1
353	1968	1
2584	1968	1
2487	1968	1
355	1969	1
2585	1969	1
2587	1969	1
355	1970	1
782	1970	1
2587	1970	1
2586	1970	1
2564	1971	1
2563	1971	1
2449	1971	1
2566	1972	1
2354	1972	1
2320	1973	1
2562	1973	1
2879	1973	1
2878	1973	1
2575	1974	1
2652	1974	1
2567	1975	1
2223	1975	1
2568	1975	1
2572	1976	1
345	1976	1
2571	1976	1
2675	1977	1
2674	1978	1
3142	1978	1
2673	1979	1
2585	1979	1
2184	1980	1
80	1980	1
2678	1980	1
2779	1981	1
2677	1981	1
3100	1982	1
2207	1982	1
2676	1982	1
2683	1983	1
2379	1983	1
2685	1983	1
2682	1984	1
2710	1984	1
2681	1985	1
2680	1986	1
770	1987	1
906	1987	1
2687	1987	1
3298	1988	1
2686	1988	1
2683	1989	1
2379	1989	1
2685	1989	1
2684	1989	1
2658	1990	1
2659	1990	1
2658	1991	1
2659	1991	1
2662	1992	1
2583	1993	1
2663	1993	1
2660	1994	1
2938	1994	1
2661	1995	1
2651	1995	1
3081	1996	1
442	1996	1
32	1996	1
2746	1996	1
2222	1996	1
739	1996	1
2666	1996	1
2243	1996	1
2188	1997	1
2667	1997	1
2664	1998	1
2665	1998	1
906	1999	1
2670	1999	1
2669	1999	1
906	2000	1
2671	2000	1
2669	2000	1
2712	2001	1
3245	2001	1
2668	2001	1
2641	2002	1
783	2002	1
2641	2003	1
2640	2003	1
783	2003	1
2643	2004	1
2602	2004	1
2642	2005	1
3044	2005	1
2647	2006	1
3125	2006	1
2645	2007	1
2644	2007	1
2646	2007	1
2649	2008	1
2703	2009	1
3086	2009	1
2648	2009	1
2510	2010	1
2650	2010	1
3306	2011	1
2655	2011	1
2714	2012	1
3257	2012	1
2654	2012	1
2625	2013	1
2345	2013	1
3294	2013	1
3229	2013	1
2626	2014	1
2627	2014	1
2417	2015	1
2630	2015	1
3263	2015	1
2722	2015	1
2633	2016	1
2208	2016	1
2190	2017	1
2635	2017	1
2636	2018	1
2637	2018	1
3065	2019	1
2638	2019	1
2510	2020	1
2321	2020	1
219	2020	1
2920	2020	1
877	2020	1
2639	2020	1
2989	2021	1
2990	2021	1
2991	2022	1
2985	2023	1
2984	2023	1
2986	2023	1
2984	2024	1
2987	2024	1
2986	2024	1
2986	2025	1
677	2025	1
2931	2026	1
2981	2026	1
3044	2026	1
2979	2027	1
2825	2028	1
2978	2028	1
3004	2029	1
3005	2030	1
2551	2030	1
3006	2031	1
3007	2031	1
2551	2031	1
280	2031	1
3007	2032	1
280	2032	1
3000	2033	1
2797	2033	1
3001	2034	1
3266	2034	1
1852	2035	1
2996	2035	1
2997	2036	1
2998	2036	1
2992	2037	1
2236	2038	1
2993	2038	1
2652	2039	1
2995	2039	1
2959	2040	1
2956	2040	1
2957	2041	1
2954	2041	1
2956	2042	1
2955	2042	1
2956	2043	1
2953	2043	1
2264	2044	1
2952	2044	1
2957	2045	1
2954	2045	1
2951	2045	1
1153	2046	1
2950	2046	1
2956	2047	1
2949	2047	1
2542	2048	1
2945	2048	1
2974	2049	1
2973	2050	1
3221	2050	1
2875	2050	1
2970	2051	1
280	2051	1
2971	2052	1
3211	2052	1
1529	2052	1
2969	2053	1
3226	2053	1
2966	2054	1
2574	2054	1
2377	2054	1
2968	2055	1
2967	2055	1
3144	2056	1
2965	2056	1
717	2057	1
3187	2057	1
2962	2057	1
2963	2058	1
2958	2059	1
2264	2059	1
2960	2059	1
2405	2060	1
2961	2060	1
3049	2061	1
2895	2061	1
3051	2062	1
3050	2062	1
3053	2063	1
3052	2063	1
3052	2064	1
3055	2064	1
3053	2065	1
3054	2065	1
906	2066	1
2495	2066	1
2279	2066	1
3041	2066	1
906	2067	1
3042	2067	1
2106	2068	1
3045	2068	1
2879	2069	1
3047	2069	1
3064	2070	1
2759	2070	1
3066	2071	1
3068	2071	1
3066	2072	1
3067	2072	1
3068	2072	1
3069	2073	1
3070	2073	1
2370	2074	1
3071	2074	1
3056	2075	1
3057	2075	1
2339	2076	1
3060	2076	1
3061	2077	1
3062	2077	1
3062	2078	1
3063	2078	1
3019	2079	1
2628	2079	1
3018	2080	1
3017	2080	1
374	2081	1
3016	2081	1
472	2081	1
298	2081	1
3170	2081	1
3015	2081	1
2721	2081	1
2559	2082	1
3023	2082	1
3022	2083	1
2258	2083	1
1852	2084	1
3010	2084	1
3009	2084	1
3009	2085	1
1398	2085	1
374	2086	1
3170	2086	1
3015	2086	1
2352	2087	1
822	2087	1
1859	2087	1
3014	2087	1
3275	2087	1
3011	2088	1
3012	2088	1
2541	2089	1
3034	2089	1
3203	2089	1
2233	2089	1
3058	2089	1
3035	2090	1
3036	2090	1
2247	2090	1
3032	2091	1
2785	2091	1
2218	2092	1
3038	2092	1
3039	2093	1
3046	2093	1
2200	2094	1
3026	2094	1
3027	2095	1
3028	2095	1
2299	2096	1
3024	2096	1
2521	2097	1
3025	2097	1
2278	2098	1
3030	2098	1
3031	2099	1
1668	2100	1
32	2100	1
3029	2100	1
2852	2101	1
2456	2101	1
2853	2102	1
2854	2102	1
2853	2103	1
2854	2103	1
2855	2104	1
2494	2104	1
2848	2105	1
2849	2105	1
2848	2106	1
2850	2106	1
2456	2107	1
2851	2107	1
2623	2108	1
2860	2108	1
1006	2109	1
2861	2109	1
2348	2109	1
2502	2110	1
2862	2110	1
2933	2111	1
2863	2111	1
2208	2112	1
2856	2112	1
1355	2113	1
2857	2113	1
2791	2114	1
2858	2114	1
2869	2115	1
414	2115	1
2868	2116	1
2930	2116	1
3020	2116	1
2871	2117	1
2781	2117	1
2870	2118	1
2937	2118	1
3171	2118	1
3287	2119	1
2865	2119	1
2864	2119	1
3186	2119	1
2706	2119	1
649	2120	1
2866	2120	1
2877	2121	1
2948	2121	1
2257	2122	1
2872	2122	1
1581	2123	1
2828	2123	1
2874	2123	1
2929	2124	1
2823	2124	1
2820	2125	1
2819	2125	1
2815	2126	1
2816	2126	1
2709	2127	1
2826	2127	1
1907	2128	1
2827	2128	1
3124	2128	1
2978	2129	1
2825	2129	1
2839	2130	1
2838	2130	1
2835	2131	1
2964	2131	1
2847	2132	1
2519	2132	1
3236	2133	1
2846	2133	1
2215	2133	1
2843	2134	1
2842	2134	1
3108	2135	1
2841	2135	1
2840	2135	1
2361	2136	1
2841	2136	1
2840	2136	1
2912	2137	1
2204	2137	1
2914	2138	1
2728	2138	1
2915	2139	1
2876	2139	1
2916	2140	1
2943	2140	1
2919	2141	1
2891	2141	1
2921	2142	1
2922	2143	1
2923	2143	1
2924	2144	1
2925	2144	1
2926	2145	1
2933	2146	1
2863	2146	1
2934	2147	1
2830	2147	1
2939	2148	1
2938	2148	1
2715	2149	1
2940	2149	1
2838	2150	1
2883	2150	1
2880	2151	1
3298	2151	1
2881	2152	1
2743	2152	1
2886	2153	1
2887	2154	1
2888	2154	1
2884	2155	1
3241	2155	1
2885	2156	1
2821	2157	1
2753	2157	1
2890	2157	1
2887	2158	1
2889	2158	1
2548	2159	1
2894	2159	1
2898	2160	1
2897	2160	1
2898	2161	1
2896	2161	1
2206	2162	1
2901	2162	1
2206	2163	1
2900	2163	1
2306	2164	1
2906	2164	1
2251	2165	1
2905	2165	1
2178	2166	1
2904	2166	1
3044	2167	1
2910	2167	1
2463	2168	1
2909	2168	1
2351	2169	1
2908	2169	1
3284	2170	1
3285	2170	1
3286	2171	1
2366	2171	1
3280	2172	1
2902	2172	1
973	2172	1
56	2172	1
2197	2172	1
3283	2173	1
2315	2173	1
3292	2174	1
57	2174	1
3293	2175	1
3288	2176	1
3289	2176	1
3271	2177	1
2935	2177	1
2750	2178	1
3265	2178	1
3264	2179	1
3262	2179	1
3261	2179	1
3269	2180	1
3268	2180	1
3267	2180	1
2879	2181	1
3279	2181	1
2935	2182	1
3272	2182	1
1859	2183	1
3104	2183	1
1860	2183	1
2546	2183	1
3275	2183	1
3312	2184	1
2994	2184	1
3303	2185	1
3307	2185	1
2510	2186	1
3302	2186	1
3301	2187	1
2189	2187	1
3300	2188	1
2229	2188	1
854	2189	1
3297	2189	1
2593	2189	1
3147	2190	1
3296	2190	1
2253	2191	1
3311	2191	1
3310	2192	1
3309	2192	1
3002	2193	1
3308	2193	1
3173	2194	1
3305	2194	1
219	2195	1
2977	2195	1
877	2195	1
3304	2195	1
3217	2196	1
3213	2196	1
2376	2196	1
3218	2197	1
616	2197	1
2575	2197	1
3220	2198	1
2829	2198	1
3222	2199	1
2328	2199	1
3282	2200	1
3223	2200	1
3241	2200	1
2523	2201	1
3224	2201	1
2765	2202	1
3225	2202	1
3227	2203	1
3228	2203	1
3229	2204	1
3230	2205	1
3231	2205	1
2336	2206	1
3201	2206	1
2833	2206	1
3199	2207	1
3200	2207	1
3202	2208	1
2879	2208	1
3047	2208	1
2323	2209	1
3203	2209	1
2233	2209	1
3204	2209	1
3207	2210	1
2512	2210	1
3235	2211	1
3206	2211	1
616	2211	1
3208	2212	1
578	2213	1
3210	2213	1
3212	2214	1
3214	2214	1
2376	2215	1
3215	2215	1
3213	2216	1
2376	2216	1
3214	2216	1
3250	2217	1
2927	2217	1
2336	2218	1
3248	2218	1
3249	2219	1
3290	2219	1
3251	2220	1
3252	2220	1
185	2221	1
3254	2221	1
3253	2221	1
3259	2222	1
2214	2222	1
2557	2223	1
1522	2223	1
3256	2223	1
2362	2223	1
3262	2224	1
3261	2224	1
3234	2225	1
3233	2225	1
2997	2225	1
2701	2226	1
3232	2226	1
3059	2226	1
3239	2227	1
3238	2227	1
3237	2228	1
617	2228	1
3243	2229	1
3242	2229	1
3247	2230	1
3246	2230	1
2712	2231	1
3245	2231	1
2799	2232	1
3244	2232	1
3164	2233	1
2576	2233	1
3167	2234	1
2594	2234	1
3161	2235	1
2833	2235	1
461	2236	1
3160	2236	1
3157	2236	1
610	2237	1
2203	2237	1
80	2237	1
3163	2237	1
3029	2237	1
2833	2238	1
3162	2238	1
2184	2239	1
461	2239	1
3157	2239	1
2234	2240	1
340	2240	1
3159	2240	1
3153	2241	1
1668	2242	1
2329	2242	1
3154	2242	1
3149	2243	1
2313	2243	1
3148	2244	1
3150	2244	1
3151	2244	1
2313	2244	1
3148	2245	1
3150	2245	1
3151	2245	1
3147	2245	1
2697	2246	1
3145	2246	1
2191	2247	1
3146	2247	1
3148	2248	1
3149	2248	1
3150	2248	1
3151	2248	1
3147	2248	1
3152	2248	1
2187	2249	1
3140	2249	1
2882	2250	1
3136	2250	1
3137	2251	1
3138	2251	1
3198	2252	1
3197	2253	1
3091	2253	1
2734	2254	1
3196	2254	1
2219	2255	1
3195	2255	1
3193	2256	1
2573	2256	1
906	2257	1
3192	2257	1
267	2257	1
2670	2257	1
3190	2258	1
3189	2258	1
2594	2259	1
3188	2259	1
2488	2260	1
3186	2260	1
3185	2261	1
3184	2261	1
3182	2262	1
2867	2262	1
2396	2262	1
3097	2263	1
3096	2263	1
3183	2263	1
3180	2264	1
3181	2265	1
2502	2265	1
3178	2266	1
3179	2266	1
2956	2267	1
3174	2267	1
3168	2268	1
3291	2268	1
3168	2269	1
3291	2269	1
3169	2269	1
3097	2270	1
3096	2270	1
3099	2271	1
3100	2271	1
3097	2272	1
3096	2272	1
3098	2272	1
3100	2273	1
2207	2273	1
3101	2274	1
3103	2274	1
3102	2274	1
2778	2275	1
3089	2275	1
2803	2276	1
3093	2276	1
3092	2277	1
2785	2278	1
3095	2278	1
898	2279	1
2600	2279	1
3094	2279	1
3080	2280	1
3081	2280	1
3082	2281	1
3085	2281	1
3082	2282	1
3083	2282	1
3085	2282	1
3084	2283	1
3085	2283	1
3086	2284	1
994	2284	1
3087	2285	1
3072	2286	1
3073	2286	1
3040	2287	1
3074	2287	1
2508	2288	1
3176	2288	1
2325	2288	1
2244	2288	1
3075	2288	1
2941	2289	1
3077	2289	1
2975	2290	1
3078	2290	1
3131	2291	1
292	2291	1
3132	2291	1
2810	2292	1
3130	2292	1
3129	2293	1
2800	2293	1
3128	2294	1
2275	2294	1
3135	2295	1
3134	2295	1
2516	2295	1
3133	2296	1
2213	2296	1
2864	2297	1
3132	2297	1
3123	2298	1
3122	2298	1
2560	2299	1
3121	2299	1
3127	2300	1
856	2301	1
3125	2301	1
1907	2302	1
3124	2302	1
3114	2303	1
2806	2303	1
3112	2304	1
3044	2304	1
3113	2305	1
2806	2305	1
184	2306	1
2642	2306	1
3118	2306	1
3044	2306	1
3119	2307	1
2976	2307	1
2746	2308	1
2222	2308	1
3116	2308	1
3117	2309	1
3191	2309	1
3221	2310	1
3106	2310	1
2875	2310	1
3104	2311	1
3105	2311	1
3088	2312	1
2999	2312	1
3110	2312	1
2601	2312	1
856	2313	1
1421	2313	1
3108	2313	1
