1	1	1
168	1	1
122	1	1
2	2	1
122	2	1
152	3	1
6	3	1
13	3	1
3	4	1
8	4	1
54	5	1
146	5	1
11	5	1
165	5	1
3	6	1
13	6	1
13	7	1
14	7	1
13	8	1
15	8	1
17	9	1
16	9	1
18	10	1
147	10	1
35	11	1
20	11	1
23	12	1
13	12	1
22	13	1
13	13	1
100	14	1
25	14	1
13	15	1
31	15	1
35	16	1
13	16	1
32	17	1
97	17	1
39	18	1
188	18	1
100	19	1
37	19	1
42	20	1
13	20	1
43	21	1
13	21	1
141	22	1
40	22	1
41	23	1
13	23	1
46	24	1
13	24	1
13	25	1
47	25	1
13	26	1
44	26	1
13	27	1
45	27	1
51	28	1
13	28	1
50	29	1
13	29	1
49	30	1
13	30	1
48	31	1
13	31	1
33	32	1
54	32	1
53	33	1
13	33	1
52	34	1
13	34	1
3	35	1
59	35	1
146	35	1
58	36	1
13	36	1
57	37	1
13	37	1
56	38	1
13	38	1
32	39	1
63	39	1
13	39	1
19	40	1
24	40	1
26	40	1
62	40	1
54	41	1
61	41	1
57	42	1
193	42	1
63	42	1
192	42	1
104	42	1
60	42	1
68	43	1
41	43	1
69	44	1
13	44	1
19	45	1
71	45	1
22	45	1
24	45	1
13	45	1
190	46	1
156	46	1
64	46	1
42	46	1
13	46	1
165	46	1
30	46	1
65	47	1
13	47	1
19	48	1
66	48	1
24	48	1
26	48	1
3	49	1
67	49	1
109	49	1
13	49	1
181	49	1
3	50	1
76	50	1
13	50	1
3	51	1
7	51	1
8	51	1
77	51	1
78	52	1
122	52	1
13	52	1
4	53	1
6	53	1
79	53	1
186	54	1
100	54	1
116	54	1
3	54	1
55	54	1
108	54	1
13	54	1
73	54	1
72	55	1
74	55	1
12	56	1
75	56	1
85	57	1
13	57	1
84	58	1
116	58	1
25	58	1
26	58	1
87	59	1
13	59	1
19	60	1
86	60	1
66	60	1
24	60	1
95	60	1
57	60	1
26	60	1
62	60	1
61	60	1
80	61	1
40	61	1
83	62	1
13	62	1
82	63	1
13	63	1
141	64	1
93	64	1
13	64	1
92	65	1
13	65	1
24	66	1
9	66	1
27	66	1
95	66	1
13	66	1
94	67	1
192	67	1
190	68	1
188	68	1
189	68	1
89	68	1
13	68	1
180	68	1
165	68	1
13	69	1
88	69	1
186	70	1
90	70	1
102	71	1
141	71	1
13	71	1
181	71	1
103	72	1
32	72	1
39	72	1
100	73	1
37	73	1
13	73	1
101	74	1
13	74	1
186	75	1
98	75	1
191	76	1
99	76	1
5	77	1
96	77	1
193	77	1
192	77	1
54	78	1
97	78	1
13	78	1
110	79	1
146	79	1
13	79	1
32	80	1
38	80	1
111	80	1
193	80	1
192	80	1
13	80	1
186	81	1
55	81	1
108	81	1
13	81	1
67	82	1
109	82	1
13	82	1
181	82	1
32	83	1
39	83	1
40	83	1
106	83	1
13	83	1
13	84	1
107	84	1
32	85	1
10	85	1
104	85	1
10	86	1
13	86	1
105	86	1
119	87	1
26	87	1
13	87	1
118	88	1
13	88	1
117	89	1
13	89	1
116	90	1
36	90	1
13	90	1
115	91	1
13	91	1
3	92	1
114	92	1
13	92	1
113	93	1
146	93	1
11	93	1
13	93	1
190	94	1
127	94	1
146	94	1
11	94	1
126	95	1
125	95	1
21	96	1
26	96	1
124	96	1
6	97	1
123	97	1
2	98	1
78	98	1
13	98	1
122	98	1
194	98	1
25	99	1
28	99	1
121	99	1
13	100	1
120	100	1
137	101	1
138	101	1
24	101	1
13	101	1
50	102	1
136	102	1
169	102	1
155	102	1
13	102	1
135	102	1
139	103	1
13	103	1
102	104	1
141	104	1
112	104	1
93	104	1
40	104	1
81	105	1
140	105	1
13	105	1
81	106	1
140	106	1
143	106	1
13	106	1
187	107	1
142	107	1
129	108	1
13	108	1
128	109	1
13	109	1
130	110	1
13	110	1
133	111	1
13	111	1
134	111	1
131	112	1
132	112	1
133	113	1
134	113	1
152	114	1
43	114	1
13	114	1
153	115	1
13	115	1
154	116	1
13	116	1
155	117	1
13	117	1
156	118	1
191	118	1
54	118	1
13	118	1
157	119	1
183	119	1
32	120	1
158	120	1
193	120	1
192	120	1
159	121	1
13	121	1
144	122	1
13	122	1
3	123	1
7	123	1
145	123	1
146	124	1
13	124	1
34	125	1
32	125	1
148	125	1
24	126	1
40	126	1
193	126	1
192	126	1
13	126	1
149	126	1
38	127	1
5	127	1
193	127	1
192	127	1
150	127	1
13	128	1
151	128	1
171	129	1
13	129	1
170	130	1
147	130	1
13	130	1
136	131	1
169	131	1
155	131	1
13	131	1
1	132	1
168	132	1
167	132	1
13	132	1
175	133	1
174	133	1
13	133	1
173	134	1
192	134	1
13	134	1
32	135	1
39	135	1
172	135	1
13	135	1
91	135	1
163	136	1
146	136	1
162	137	1
161	137	1
160	137	1
13	137	1
162	138	1
160	138	1
168	139	1
167	139	1
13	140	1
166	140	1
190	141	1
189	141	1
29	141	1
180	141	1
165	141	1
30	141	1
13	142	1
164	142	1
186	143	1
185	143	1
184	144	1
182	144	1
188	145	1
189	145	1
89	145	1
180	145	1
70	146	1
189	146	1
89	146	1
180	146	1
165	146	1
178	147	1
13	147	1
19	148	1
21	148	1
179	148	1
40	148	1
31	148	1
176	149	1
13	149	1
177	150	1
13	150	1
146	151	1
182	151	1
3	152	1
8	152	1
77	152	1
183	152	1
70	153	1
190	153	1
89	153	1
165	153	1
180	153	1
204	154	1
196	154	1
207	155	1
248	155	1
196	155	1
206	156	1
218	156	1
201	157	1
196	157	1
359	158	1
203	158	1
289	159	1
202	159	1
196	159	1
343	160	1
326	160	1
304	160	1
204	160	1
291	160	1
292	160	1
320	160	1
197	160	1
267	160	1
196	160	1
317	160	1
362	160	1
303	160	1
200	161	1
196	161	1
199	161	1
206	162	1
218	162	1
196	162	1
198	162	1
193	163	1
192	163	1
195	163	1
97	164	1
193	164	1
192	164	1
195	164	1
275	165	1
220	165	1
325	165	1
219	165	1
224	165	1
211	165	1
221	166	1
291	166	1
222	167	1
223	167	1
222	168	1
223	168	1
216	169	1
196	169	1
268	169	1
269	169	1
217	170	1
196	170	1
206	171	1
234	171	1
218	171	1
230	171	1
198	171	1
220	172	1
219	172	1
212	173	1
196	173	1
196	174	1
213	174	1
322	175	1
214	175	1
275	176	1
233	176	1
196	176	1
208	176	1
290	177	1
196	177	1
209	177	1
318	177	1
196	178	1
210	178	1
239	179	1
196	179	1
240	179	1
238	180	1
291	180	1
237	181	1
196	181	1
236	182	1
196	182	1
235	183	1
308	183	1
196	183	1
234	184	1
218	184	1
196	184	1
357	185	1
232	185	1
196	185	1
228	185	1
270	185	1
231	186	1
230	186	1
317	186	1
336	187	1
196	187	1
229	187	1
196	188	1
228	188	1
253	189	1
227	189	1
196	190	1
226	190	1
197	191	1
196	191	1
225	191	1
303	191	1
254	192	1
196	192	1
362	192	1
255	193	1
196	193	1
252	194	1
196	194	1
252	195	1
253	195	1
227	195	1
250	196	1
196	196	1
306	197	1
251	197	1
207	198	1
248	198	1
196	198	1
249	199	1
196	199	1
246	200	1
196	200	1
196	201	1
247	201	1
340	202	1
196	202	1
244	202	1
333	202	1
299	202	1
300	202	1
361	202	1
346	202	1
243	202	1
196	203	1
245	203	1
242	204	1
301	204	1
220	205	1
275	205	1
196	205	1
274	206	1
273	206	1
272	207	1
322	207	1
196	207	1
279	208	1
196	208	1
259	209	1
278	209	1
277	209	1
276	209	1
196	209	1
283	210	1
196	210	1
365	211	1
196	211	1
281	211	1
196	212	1
280	212	1
196	213	1
287	213	1
362	213	1
197	214	1
196	214	1
286	214	1
303	214	1
233	215	1
196	215	1
285	215	1
318	215	1
310	216	1
284	216	1
305	217	1
258	217	1
196	217	1
256	218	1
196	218	1
257	219	1
196	219	1
262	220	1
233	220	1
196	220	1
263	221	1
196	221	1
261	222	1
196	222	1
320	223	1
267	223	1
290	224	1
196	224	1
264	224	1
266	225	1
196	225	1
265	225	1
318	225	1
196	226	1
270	226	1
270	227	1
243	227	1
271	227	1
268	228	1
269	228	1
305	229	1
304	229	1
307	229	1
306	229	1
308	229	1
197	229	1
196	229	1
309	230	1
196	230	1
311	231	1
196	231	1
237	232	1
368	232	1
337	232	1
310	232	1
381	232	1
349	232	1
284	232	1
241	232	1
197	233	1
313	233	1
196	233	1
303	233	1
308	234	1
336	234	1
196	234	1
312	234	1
196	235	1
315	235	1
228	236	1
314	236	1
196	237	1
319	237	1
290	238	1
196	238	1
265	238	1
209	238	1
285	238	1
318	238	1
343	239	1
288	239	1
282	239	1
196	239	1
317	239	1
289	240	1
202	240	1
290	241	1
318	241	1
291	242	1
292	242	1
294	242	1
295	242	1
196	242	1
292	243	1
293	243	1
292	244	1
294	244	1
344	244	1
292	245	1
295	245	1
197	246	1
296	246	1
196	246	1
303	246	1
196	247	1
297	247	1
196	248	1
298	248	1
196	249	1
300	249	1
197	250	1
196	250	1
286	250	1
303	250	1
342	251	1
331	251	1
341	252	1
196	252	1
291	253	1
340	253	1
196	253	1
303	253	1
339	254	1
196	254	1
338	255	1
196	255	1
228	255	1
337	256	1
310	256	1
196	256	1
341	257	1
260	257	1
355	257	1
336	257	1
196	257	1
229	257	1
351	258	1
196	258	1
228	258	1
196	259	1
350	259	1
310	260	1
349	260	1
196	261	1
347	261	1
357	262	1
196	262	1
228	262	1
345	262	1
291	263	1
344	263	1
326	264	1
196	264	1
303	264	1
326	265	1
327	265	1
257	265	1
324	266	1
322	266	1
244	266	1
220	267	1
325	267	1
272	268	1
322	268	1
304	269	1
273	269	1
368	269	1
276	269	1
326	269	1
289	269	1
222	269	1
292	269	1
322	269	1
323	269	1
267	269	1
362	269	1
363	269	1
320	270	1
197	270	1
267	270	1
196	270	1
321	271	1
196	271	1
274	272	1
341	272	1
307	272	1
273	272	1
278	272	1
260	272	1
334	272	1
196	272	1
332	272	1
205	273	1
196	273	1
335	273	1
196	274	1
332	274	1
196	275	1
333	275	1
323	276	1
330	276	1
196	277	1
331	277	1
326	278	1
196	278	1
328	278	1
365	279	1
196	279	1
329	279	1
373	280	1
196	280	1
326	281	1
375	281	1
196	281	1
303	281	1
374	282	1
196	282	1
369	283	1
310	283	1
369	284	1
368	284	1
310	284	1
357	285	1
371	285	1
196	285	1
228	285	1
370	286	1
241	286	1
381	287	1
196	287	1
359	288	1
364	288	1
196	288	1
380	288	1
383	289	1
486	289	1
356	290	1
197	290	1
196	290	1
382	290	1
286	290	1
196	291	1
348	291	1
377	291	1
378	291	1
206	292	1
196	292	1
376	292	1
196	293	1
379	293	1
357	294	1
358	294	1
359	294	1
228	294	1
360	294	1
239	295	1
357	295	1
290	295	1
359	295	1
352	295	1
353	295	1
196	295	1
229	295	1
227	295	1
268	295	1
291	296	1
354	296	1
302	296	1
336	297	1
355	297	1
196	297	1
196	298	1
365	298	1
215	298	1
227	298	1
363	298	1
329	298	1
196	299	1
366	299	1
289	300	1
367	300	1
196	301	1
361	301	1
196	302	1
362	302	1
365	303	1
363	303	1
410	304	1
579	304	1
519	304	1
411	305	1
412	305	1
408	306	1
384	306	1
414	307	1
503	307	1
415	308	1
384	308	1
412	309	1
384	309	1
447	310	1
403	310	1
384	310	1
466	310	1
561	311	1
400	311	1
541	312	1
401	312	1
588	312	1
406	313	1
553	313	1
566	314	1
460	314	1
407	314	1
546	315	1
404	315	1
395	316	1
498	316	1
591	316	1
395	317	1
394	317	1
393	318	1
392	318	1
399	319	1
398	319	1
400	319	1
493	320	1
397	320	1
396	320	1
469	320	1
397	321	1
396	321	1
478	322	1
519	322	1
387	322	1
386	322	1
458	323	1
384	323	1
389	323	1
441	324	1
589	324	1
483	324	1
443	325	1
444	325	1
493	326	1
446	326	1
469	326	1
534	327	1
432	327	1
611	328	1
433	328	1
436	329	1
437	329	1
438	329	1
588	330	1
439	330	1
425	331	1
384	331	1
424	332	1
423	332	1
553	332	1
427	333	1
545	333	1
522	333	1
426	334	1
547	334	1
483	334	1
429	335	1
544	335	1
384	335	1
590	335	1
431	336	1
591	336	1
492	337	1
430	337	1
505	338	1
417	338	1
589	338	1
498	338	1
417	339	1
416	339	1
589	339	1
515	340	1
418	340	1
539	340	1
455	341	1
421	341	1
579	342	1
455	342	1
420	342	1
424	343	1
423	343	1
422	343	1
479	344	1
549	344	1
460	344	1
384	344	1
588	344	1
611	345	1
476	345	1
384	345	1
477	346	1
581	346	1
384	346	1
474	347	1
384	347	1
608	348	1
460	348	1
475	348	1
384	348	1
472	349	1
384	349	1
579	350	1
511	350	1
477	350	1
472	350	1
545	350	1
473	350	1
384	350	1
451	350	1
470	351	1
384	351	1
471	352	1
384	352	1
607	352	1
468	353	1
384	353	1
446	354	1
384	354	1
469	354	1
448	354	1
384	355	1
466	355	1
509	356	1
384	356	1
554	356	1
467	356	1
435	357	1
384	357	1
464	357	1
440	358	1
595	358	1
384	358	1
436	358	1
465	358	1
463	359	1
526	359	1
462	360	1
419	360	1
461	361	1
486	361	1
384	361	1
607	361	1
591	361	1
550	362	1
608	362	1
460	362	1
599	362	1
384	362	1
608	363	1
459	363	1
463	364	1
424	364	1
429	364	1
457	364	1
384	364	1
398	365	1
456	365	1
384	365	1
455	366	1
384	366	1
424	367	1
442	367	1
429	367	1
454	367	1
434	367	1
418	367	1
384	367	1
595	368	1
548	368	1
453	368	1
452	368	1
453	369	1
452	369	1
384	370	1
451	370	1
384	371	1
450	371	1
492	372	1
449	372	1
508	373	1
384	373	1
510	374	1
560	374	1
557	374	1
384	374	1
504	375	1
384	375	1
441	376	1
505	376	1
384	376	1
506	377	1
384	377	1
606	377	1
612	378	1
507	378	1
573	378	1
384	378	1
522	378	1
483	378	1
500	379	1
603	379	1
384	379	1
577	380	1
513	380	1
501	380	1
487	380	1
384	380	1
522	380	1
611	381	1
502	381	1
384	381	1
383	382	1
384	382	1
503	382	1
565	383	1
428	383	1
384	383	1
466	383	1
496	383	1
609	384	1
384	384	1
497	384	1
384	385	1
498	385	1
384	386	1
499	386	1
516	387	1
492	387	1
471	387	1
449	387	1
441	388	1
495	388	1
429	388	1
418	388	1
422	388	1
494	389	1
601	389	1
384	389	1
554	389	1
488	390	1
384	390	1
611	391	1
491	391	1
384	391	1
490	392	1
384	392	1
513	393	1
455	393	1
485	393	1
384	393	1
608	394	1
460	394	1
484	394	1
384	394	1
487	395	1
384	395	1
523	395	1
516	396	1
558	396	1
526	396	1
486	396	1
607	396	1
608	397	1
384	397	1
481	397	1
523	397	1
384	398	1
480	398	1
608	399	1
384	399	1
483	399	1
611	400	1
384	400	1
482	400	1
550	401	1
549	401	1
384	401	1
551	402	1
588	402	1
548	403	1
384	403	1
550	404	1
551	404	1
479	404	1
578	404	1
460	404	1
549	404	1
513	404	1
540	404	1
384	404	1
481	404	1
546	405	1
384	405	1
547	406	1
384	406	1
408	407	1
545	407	1
384	407	1
558	408	1
384	408	1
607	408	1
413	409	1
396	409	1
559	409	1
384	409	1
608	410	1
460	410	1
556	410	1
384	410	1
611	411	1
383	411	1
384	411	1
557	411	1
606	411	1
384	412	1
555	412	1
384	413	1
552	413	1
567	414	1
596	414	1
384	414	1
611	415	1
566	415	1
602	415	1
384	415	1
407	415	1
565	416	1
443	416	1
612	416	1
384	416	1
564	417	1
602	417	1
384	417	1
590	417	1
563	418	1
384	418	1
596	419	1
562	419	1
384	419	1
560	420	1
384	420	1
574	421	1
384	421	1
384	422	1
572	422	1
384	423	1
571	423	1
429	424	1
430	424	1
569	424	1
384	425	1
522	425	1
523	425	1
568	425	1
516	426	1
492	426	1
558	426	1
486	426	1
384	426	1
536	426	1
607	426	1
538	426	1
465	426	1
517	427	1
384	427	1
539	427	1
518	428	1
602	428	1
384	428	1
410	429	1
393	429	1
519	429	1
387	429	1
384	429	1
390	429	1
595	430	1
512	430	1
384	430	1
513	431	1
384	431	1
514	432	1
384	432	1
515	433	1
384	433	1
606	433	1
524	434	1
384	434	1
525	435	1
384	435	1
384	436	1
527	436	1
384	437	1
520	437	1
521	438	1
606	438	1
612	439	1
522	439	1
523	439	1
593	440	1
487	440	1
481	440	1
568	440	1
523	440	1
533	441	1
384	441	1
532	442	1
594	442	1
602	442	1
384	442	1
425	443	1
608	443	1
609	443	1
534	443	1
444	443	1
384	443	1
609	444	1
529	444	1
384	444	1
589	444	1
483	444	1
595	445	1
528	445	1
384	445	1
465	445	1
594	446	1
530	446	1
602	446	1
590	446	1
541	447	1
401	447	1
384	447	1
550	448	1
460	448	1
513	448	1
540	448	1
384	448	1
543	449	1
384	449	1
603	450	1
384	450	1
542	450	1
429	451	1
430	451	1
384	451	1
537	451	1
384	452	1
536	452	1
384	453	1
538	453	1
611	454	1
445	454	1
384	454	1
608	455	1
609	455	1
614	456	1
616	456	1
612	457	1
507	457	1
573	457	1
522	457	1
483	457	1
614	458	1
613	458	1
616	458	1
876	458	1
619	459	1
621	459	1
616	460	1
623	460	1
624	461	1
656	461	1
621	461	1
627	462	1
831	462	1
616	462	1
625	463	1
616	463	1
624	464	1
616	464	1
622	464	1
621	464	1
631	465	1
630	465	1
631	466	1
630	466	1
629	467	1
616	467	1
683	468	1
628	468	1
616	468	1
845	468	1
777	468	1
635	469	1
616	469	1
634	470	1
616	470	1
633	471	1
632	471	1
631	472	1
632	472	1
758	472	1
616	473	1
638	473	1
660	474	1
616	474	1
636	474	1
576	475	1
384	475	1
606	475	1
577	476	1
479	476	1
578	476	1
549	476	1
583	476	1
384	476	1
588	476	1
580	477	1
384	477	1
607	477	1
581	478	1
384	478	1
608	479	1
582	479	1
384	479	1
583	480	1
384	480	1
584	481	1
384	481	1
588	481	1
585	482	1
383	482	1
384	482	1
586	483	1
486	483	1
384	483	1
384	484	1
587	484	1
538	484	1
479	485	1
401	485	1
588	485	1
439	485	1
608	486	1
609	486	1
589	486	1
411	487	1
564	487	1
544	487	1
472	487	1
530	487	1
602	487	1
605	487	1
590	487	1
394	488	1
591	488	1
593	489	1
596	489	1
384	489	1
523	489	1
592	490	1
384	490	1
595	491	1
598	491	1
577	492	1
460	492	1
596	492	1
491	492	1
599	492	1
522	492	1
595	493	1
598	493	1
384	493	1
601	494	1
384	494	1
600	495	1
384	495	1
493	496	1
500	496	1
468	496	1
603	496	1
542	496	1
499	496	1
384	497	1
602	497	1
602	498	1
384	498	1
605	498	1
604	498	1
472	499	1
604	499	1
590	499	1
565	500	1
486	500	1
384	500	1
607	500	1
384	501	1
606	501	1
687	502	1
616	502	1
686	503	1
616	503	1
622	503	1
760	504	1
685	504	1
683	505	1
752	505	1
682	506	1
694	506	1
681	507	1
680	507	1
679	508	1
755	508	1
678	509	1
637	509	1
782	510	1
677	510	1
676	510	1
803	511	1
676	511	1
802	512	1
675	512	1
766	513	1
839	513	1
674	513	1
787	514	1
673	514	1
616	515	1
672	515	1
702	516	1
616	516	1
623	516	1
700	517	1
701	517	1
666	517	1
700	518	1
701	518	1
666	518	1
834	519	1
698	519	1
773	520	1
698	520	1
699	520	1
697	520	1
616	520	1
825	520	1
641	520	1
827	520	1
834	521	1
697	521	1
828	521	1
867	522	1
744	522	1
803	522	1
720	522	1
694	522	1
797	522	1
624	523	1
695	523	1
622	523	1
616	524	1
692	524	1
693	524	1
690	524	1
691	524	1
692	525	1
616	525	1
690	525	1
692	526	1
616	526	1
691	526	1
868	527	1
855	527	1
631	527	1
630	527	1
842	527	1
705	527	1
633	527	1
632	527	1
688	527	1
714	528	1
868	528	1
689	528	1
653	529	1
654	529	1
616	529	1
652	530	1
666	530	1
655	531	1
666	531	1
616	531	1
626	532	1
649	532	1
837	532	1
705	532	1
616	532	1
861	532	1
777	532	1
689	532	1
682	533	1
648	533	1
679	533	1
662	533	1
616	533	1
639	533	1
652	534	1
651	534	1
650	535	1
678	535	1
874	535	1
616	535	1
645	536	1
639	536	1
619	537	1
644	537	1
624	538	1
695	538	1
616	538	1
647	538	1
622	538	1
682	539	1
660	539	1
616	539	1
617	539	1
646	539	1
699	540	1
666	540	1
831	540	1
616	540	1
641	540	1
643	540	1
659	540	1
642	540	1
616	541	1
640	541	1
666	542	1
616	542	1
641	542	1
643	542	1
616	543	1
641	543	1
659	543	1
642	543	1
668	544	1
616	544	1
669	545	1
866	545	1
869	545	1
657	545	1
670	546	1
752	546	1
657	546	1
671	547	1
629	547	1
664	548	1
665	548	1
665	549	1
666	549	1
665	550	1
666	550	1
667	551	1
616	551	1
745	552	1
715	552	1
625	552	1
660	552	1
616	552	1
856	552	1
736	552	1
646	552	1
847	552	1
809	552	1
640	552	1
636	552	1
745	553	1
715	553	1
625	553	1
661	553	1
616	553	1
856	553	1
736	553	1
646	553	1
847	553	1
809	553	1
640	553	1
636	553	1
849	554	1
733	554	1
648	554	1
739	554	1
660	554	1
780	554	1
662	554	1
815	554	1
753	554	1
742	554	1
756	554	1
849	555	1
733	555	1
648	555	1
739	555	1
660	555	1
780	555	1
815	555	1
753	555	1
663	555	1
742	555	1
756	555	1
669	556	1
616	556	1
657	556	1
752	557	1
658	557	1
851	558	1
730	558	1
664	558	1
696	558	1
812	558	1
659	558	1
790	559	1
746	559	1
616	559	1
745	560	1
660	560	1
744	561	1
801	561	1
694	561	1
751	562	1
750	562	1
751	563	1
750	563	1
749	564	1
616	564	1
748	565	1
695	565	1
738	566	1
616	566	1
622	566	1
624	567	1
616	567	1
737	567	1
622	567	1
616	568	1
743	568	1
814	569	1
616	569	1
676	569	1
742	569	1
741	569	1
711	569	1
803	570	1
616	570	1
740	570	1
762	571	1
666	571	1
762	572	1
763	572	1
761	572	1
760	573	1
868	573	1
631	573	1
630	573	1
752	573	1
633	573	1
616	573	1
632	573	1
688	573	1
761	574	1
666	574	1
659	574	1
767	575	1
768	575	1
666	575	1
868	576	1
754	576	1
616	577	1
752	577	1
874	578	1
758	578	1
759	578	1
760	579	1
759	579	1
662	580	1
616	580	1
711	580	1
756	580	1
811	581	1
757	581	1
713	582	1
694	582	1
619	582	1
747	583	1
626	583	1
714	583	1
717	583	1
689	583	1
714	584	1
717	584	1
800	585	1
716	585	1
684	586	1
666	586	1
719	586	1
718	586	1
829	586	1
874	586	1
616	586	1
719	587	1
666	587	1
718	587	1
626	588	1
822	588	1
868	588	1
649	588	1
842	588	1
705	588	1
752	588	1
616	588	1
861	588	1
688	588	1
689	588	1
704	589	1
616	589	1
777	589	1
707	590	1
709	590	1
707	591	1
706	591	1
708	591	1
706	592	1
709	592	1
708	592	1
620	592	1
709	593	1
708	593	1
616	594	1
710	594	1
728	595	1
729	595	1
616	595	1
730	596	1
731	596	1
730	597	1
731	597	1
732	598	1
616	598	1
733	599	1
662	599	1
616	599	1
734	600	1
617	600	1
803	601	1
694	601	1
720	601	1
616	601	1
721	602	1
752	602	1
616	602	1
616	603	1
722	603	1
676	603	1
758	603	1
684	604	1
616	604	1
723	604	1
666	605	1
724	605	1
725	605	1
684	606	1
616	606	1
676	606	1
724	606	1
725	606	1
614	607	1
616	607	1
726	607	1
843	608	1
616	608	1
727	608	1
821	609	1
868	609	1
752	609	1
820	610	1
616	610	1
823	611	1
699	611	1
827	611	1
826	611	1
760	612	1
822	612	1
817	613	1
616	613	1
807	614	1
816	614	1
782	614	1
616	614	1
795	614	1
819	615	1
616	615	1
623	615	1
818	616	1
616	616	1
829	617	1
616	617	1
613	618	1
828	618	1
616	618	1
613	619	1
616	619	1
831	619	1
627	620	1
703	620	1
829	620	1
831	620	1
616	620	1
830	620	1
699	621	1
825	621	1
827	621	1
699	622	1
825	622	1
824	622	1
827	622	1
699	623	1
616	623	1
825	623	1
824	623	1
827	623	1
826	623	1
699	624	1
827	624	1
826	624	1
804	625	1
616	625	1
805	626	1
682	626	1
679	626	1
678	626	1
616	626	1
653	627	1
806	627	1
682	627	1
615	627	1
616	627	1
875	627	1
617	627	1
807	628	1
782	628	1
695	628	1
803	629	1
618	629	1
619	629	1
797	629	1
616	629	1
813	630	1
616	630	1
849	631	1
733	631	1
648	631	1
739	631	1
660	631	1
780	631	1
814	631	1
815	631	1
753	631	1
742	631	1
756	631	1
660	632	1
808	632	1
808	633	1
809	633	1
616	634	1
810	634	1
616	635	1
811	635	1
791	636	1
616	636	1
789	637	1
616	637	1
792	637	1
788	638	1
787	638	1
831	638	1
792	638	1
787	639	1
792	639	1
786	640	1
616	640	1
624	641	1
785	641	1
790	642	1
784	642	1
638	642	1
799	643	1
798	643	1
616	643	1
666	644	1
799	644	1
798	644	1
624	645	1
803	645	1
616	645	1
797	645	1
869	646	1
616	646	1
796	646	1
616	647	1
795	647	1
616	648	1
794	648	1
702	649	1
793	649	1
787	650	1
792	650	1
774	651	1
837	651	1
616	651	1
777	651	1
775	652	1
666	652	1
616	652	1
776	652	1
790	653	1
772	653	1
616	653	1
773	654	1
699	654	1
616	654	1
712	655	1
683	655	1
664	655	1
770	655	1
769	655	1
616	655	1
711	655	1
869	656	1
771	656	1
616	656	1
767	657	1
768	657	1
664	658	1
666	658	1
769	658	1
616	658	1
783	659	1
616	659	1
666	660	1
778	660	1
779	660	1
697	661	1
616	661	1
778	661	1
675	661	1
779	661	1
775	662	1
616	662	1
776	662	1
864	663	1
666	663	1
679	663	1
755	663	1
616	663	1
863	663	1
865	664	1
682	664	1
616	664	1
867	665	1
869	665	1
801	665	1
803	665	1
694	665	1
616	665	1
790	666	1
868	666	1
616	666	1
870	667	1
803	667	1
616	667	1
871	668	1
782	668	1
616	668	1
790	669	1
868	669	1
872	669	1
752	669	1
638	669	1
616	670	1
875	670	1
616	671	1
877	671	1
851	672	1
852	672	1
616	672	1
641	672	1
659	672	1
790	673	1
850	673	1
848	674	1
679	674	1
678	674	1
672	674	1
855	675	1
688	675	1
854	676	1
853	676	1
664	677	1
853	677	1
859	678	1
616	678	1
858	679	1
857	679	1
616	679	1
666	680	1
858	680	1
857	680	1
864	681	1
666	681	1
873	681	1
616	681	1
863	681	1
616	682	1
862	682	1
837	683	1
616	683	1
861	683	1
777	683	1
616	684	1
860	684	1
834	685	1
835	685	1
616	685	1
835	686	1
616	686	1
760	687	1
832	687	1
868	687	1
616	687	1
833	688	1
616	688	1
838	689	1
839	689	1
838	690	1
839	690	1
785	690	1
764	690	1
782	690	1
616	690	1
656	690	1
836	691	1
616	691	1
777	691	1
774	692	1
649	692	1
837	692	1
616	692	1
861	692	1
777	692	1
760	693	1
868	693	1
842	693	1
752	693	1
688	693	1
843	694	1
616	694	1
616	695	1
840	695	1
664	696	1
616	696	1
841	696	1
846	697	1
847	697	1
616	698	1
846	698	1
847	698	1
843	699	1
616	699	1
844	699	1
